__MOL_ID__	ACTIVITY	moei3D_AM1_E	moei3D_AM1_Eele	moei3D_AM1_HF	moei3D_AM1_HOMO	moei3D_AM1_IP	moei3D_AM1_LUMO	moei3D_AM1_dipole	moei3D_ASA	moei3D_ASA+	moei3D_ASA-	moei3D_ASA_H	moei3D_ASA_P	moei3D_CASA+	moei3D_CASA-	moei3D_DASA	moei3D_DCASA	moei3D_E	moei3D_E_ang	moei3D_E_ele	moei3D_E_nb	moei3D_E_oop	moex3D_E_rnb	moex3D_E_rsol	moex3D_E_rvdw	moei3D_E_sol	moei3D_E_stb	moei3D_E_str	moei3D_E_strain	moei3D_E_tor	moei3D_E_vdw	moei3D_FASA+	moei3D_FASA-	moei3D_FASA_H	moei3D_FASA_P	moei3D_FCASA+	moei3D_FCASA-	moei3D_MNDO_E	moei3D_MNDO_Eele	moei3D_MNDO_HF	moei3D_MNDO_HOMO	moei3D_MNDO_IP	moei3D_MNDO_LUMO	moei3D_MNDO_dipole	moei3D_PM3_E	moei3D_PM3_Eele	moei3D_PM3_HF	moei3D_PM3_HOMO	moei3D_PM3_IP	moei3D_PM3_LUMO	moei3D_PM3_dipole	moei3D_VSA	moei3D_dens	moei3D_dipole	moex3D_dipoleX	moex3D_dipoleY	moex3D_dipoleZ	moei3D_glob	moei3D_pmi	moex3D_pmiX	moex3D_pmiY	moex3D_pmiZ	moei3D_rgyr	moei3D_std_dim1	moei3D_std_dim2	moei3D_std_dim3	moei3D_vol
1-1	6.25	-87190	-640700	0.4389	-9.14	9.14	-0.08439	3.472	626.6	231.2	197.8	564.9	61.73	867.9	742.6	33.38	125.3	61.39	4.98	-2.081	65.58	0.0002384	-7.105e-15	-7.105e-15	0	-9.999	0.5145	2.708	14.16	-12.39	67.66	0.369	0.3157	0.9015	0.09851	1.385	1.185	-87390	-636100	9.739	-9.255	9.255	-0.1436	3.428	-80880	-629300	13.05	-9.099	9.099	-0.328	2.816	374.4	0.9387	0.7996	0.02738	0.2828	-0.7475	0.05161	8569	1334	6597	638	5.155	4.817	1.619	1.094	343.5
1-10	7.52	-96880	-726500	-7.699	-9.104	9.104	-1.051	2.668	623.8	230.5	208	527	96.82	890.6	803.8	22.48	86.86	56.74	20.21	-11.28	47.66	0.001156	0	0	0	-12.95	-0.3045	3.442	14.68	-14.27	58.94	0.3695	0.3335	0.8448	0.1552	1.428	1.289	-97100	-719500	-19.78	-9.253	9.253	-1.095	2.932	-89670	-715400	-34.8	-9.052	9.052	-1.12	2.284	382.4	0.9963	0.6341	-0.3961	0.4951	-0.002897	0.05002	8539	1331	6754	453.8	4.95	4.679	1.621	1.046	349.8
1-11	4.57	-109000	-792500	198.6	-10.78	10.78	-7.268	25.63	612.9	233.1	237	476	136.9	1239	1022	3.878	216.4	172.8	118.4	-103.4	153.7	98.07	98.07	-1.279e-13	98.07	3.928	97.85	108.3	117.9	86.74	159	0.3803	0.3867	0.7766	0.2234	2.021	1.668	-109200	-788200	200.6	-10.62	10.62	-7.442	26.26	-99800	-776300	160.4	-10.85	10.85	-7.192	25.58	367.3	1.076	7.317	-6.842	-2.553	-0.4612	0.06827	8582	6771	1339	471.7	4.84	4.549	1.431	1.189	340.4
1-12	5.52	-112600	-843300	191.3	-10.71	10.71	-7.295	25.46	638.2	239.2	237.8	494.9	143.2	1271	1026	1.426	245.3	179.2	122.6	-104.2	161.7	101.9	101.9	4.263e-14	101.9	7.538	101.8	112.3	122.7	88.68	164	0.3748	0.3726	0.7756	0.2244	1.992	1.607	-112900	-836400	186.5	-10.59	10.59	-7.469	26.32	-103200	-827400	155.3	-10.77	10.77	-7.217	25.31	385.7	1.077	7.282	-6.607	-2.567	-1.671	0.07085	8761	4903	1644	2213	4.799	4.282	1.945	1.14	353.4
1-13	7.9	-116200	-869600	196.6	-10.53	10.53	-7.297	29.58	664.6	242	237.4	513.6	151	1286	1024	4.613	261.9	197.7	140.2	-121.2	181	119.5	119.5	1.421e-14	119.5	28.18	119.3	130	140.2	105.2	182.7	0.3641	0.3572	0.7728	0.2272	1.935	1.541	-116500	-862000	181.3	-10.4	10.4	-7.475	30.55	-106700	-854900	148.9	-10.48	10.48	-7.22	29.37	410.4	1.066	7.922	-0.7263	7.841	0.8577	0.04473	11800	1354	9933	515.1	5.47	5.019	1.755	1.062	370
1-14	6.36	-127100	-968300	146.4	-9.976	9.976	-7.291	32.47	708.5	246.6	224.8	516.6	191.9	1363	1017	21.85	345.5	230.9	145	-124.1	209	119.5	119.5	8.527e-14	119.5	27.76	119	130.2	164.3	105.5	213.6	0.3481	0.3172	0.7291	0.2709	1.923	1.436	-127500	-958400	142.6	-10.08	10.08	-7.473	33.01	-116900	-952400	110.9	-10.09	10.09	-7.222	32.4	437.3	1.067	8.484	-0.8978	8.428	0.3808	0.03913	14370	2177	11500	695.4	5.818	5.271	2.05	1.043	397.8
1-15	6.62	-124500	-916700	184.4	-10.46	10.46	-7.312	33.66	691.6	220.2	286.1	540.5	151	1176	1242	65.96	66.13	197.4	140.3	-122.4	180.5	119.5	119.5	0	119.5	27.87	119.4	130.1	140.4	105.2	183.3	0.3184	0.4138	0.7816	0.2184	1.7	1.796	-124300	-908100	174.1	-10.61	10.61	-7.493	34.73	-113600	-901400	142.3	-10.33	10.33	-7.232	32.91	427.3	1.113	8.702	-1.423	8.58	0.2827	0.04468	14650	2114	11740	798	5.845	5.027	1.78	1.063	385.2
1-16	5.17	-97190	-656500	156.1	-10.56	10.56	-7.301	21.57	556.1	167.9	161.5	380.4	175.7	742	552.2	6.422	189.8	171.5	140	-123.1	155.6	119.5	119.5	1.421e-14	119.5	30.91	119.3	129.7	133.3	104.8	159.2	0.3019	0.2903	0.684	0.316	1.334	0.993	-97490	-650200	152.1	-10.99	10.99	-7.479	22.79	-88900	-642800	122	-10.5	10.5	-7.225	21.58	333.1	1.09	6.321	0.005263	6.227	1.086	0.04102	6549	469.9	5700	379.2	4.536	4.494	1.317	0.9103	292
1-17	8.06	-102000	-772800	-10.28	-9.076	9.076	-0.869	4.027	644.3	260.7	198.3	483.7	160.6	1203	914.9	62.41	287.9	180.1	143.6	-139.6	159.4	119.5	119.5	2.842e-14	119.5	102.1	119	123.1	134.2	112.7	179.6	0.4047	0.3078	0.7508	0.2492	1.867	1.42	-102200	-765900	-19.98	-9.255	9.255	-1.062	3.541	-93770	-761000	-37.61	-9.033	9.033	-1.027	3.199	396.6	1.014	0.6867	-0.3533	0.5884	0.02378	0.04617	9583	1335	7779	469.1	5.135	4.908	1.683	1.055	358.4
1-18	8.55	-115900	-897500	-44.85	-9.062	9.062	-0.9925	3.911	707.4	254.1	205.5	561.8	145.6	1227	992.8	48.57	234.6	190.7	142.8	-144.1	169	119.9	119.9	0	119.9	98.9	119.7	123.8	147.7	114.8	193.2	0.3592	0.2905	0.7942	0.2058	1.735	1.404	-116200	-890500	-56.97	-9.265	9.265	-1.149	4.153	-106700	-883500	-77.87	-9.044	9.044	-1.107	3.266	434.4	1.02	0.7047	0.5463	0.443	-0.04448	0.035	13200	1138	11450	608.1	5.705	5.598	1.747	1.047	397.4
1-19	8.92	-131300	-1073000	-10.7	-9.096	9.096	-1.005	4.598	790.8	318	286.2	659.9	131	1775	1597	31.79	177.4	216.7	143.7	-137.9	194.9	119.8	119.8	5.684e-14	119.8	101.1	119.9	124.3	148.5	113.1	213	0.4021	0.3619	0.8344	0.1656	2.244	2.02	-131600	-1065000	-25.01	-9.257	9.257	-1.136	4.798	-121100	-1056000	-42.52	-9.043	9.043	-1.111	3.955	492.5	1.016	0.8873	0.6333	0.6214	-0.009144	0.02745	19950	1237	18050	672.4	6.533	6.473	1.879	1.072	460.1
1-2	6.77	-90770	-696100	12.57	-9.148	9.148	0.00871	2.707	638.7	237.8	182.9	572.5	66.21	876.2	673.9	54.91	202.3	207.7	105.3	-101.2	207.8	100.1	100.1	-2.842e-14	100.1	93.52	100.7	103	149.3	91.05	208.9	0.3724	0.2864	0.8963	0.1037	1.372	1.055	-90980	-688300	16.77	-9.309	9.309	-0.1235	2.816	-84320	-686200	-5.655	-9.087	9.087	-0.02595	2.3	387.5	0.9376	0.694	0.2818	0.3322	0.5403	0.05527	8833	1837	6495	501.1	5.124	4.816	1.465	1.132	358.9
1-20	8.1	-107900	-820400	-45.87	-9.091	9.091	-0.998	3.916	665	233.4	194.4	527.6	137.4	951.2	792.5	38.95	158.8	208.7	144	-134.9	194.7	119.1	119.1	1.421e-14	119.1	106.7	118.5	122.9	158.9	105.2	210.4	0.3509	0.2923	0.7934	0.2066	1.43	1.192	-108100	-812700	-45.73	-9.246	9.246	-1.075	3.975	-99880	-808800	-72.95	-9.035	9.035	-1.07	3.414	408.9	1.019	0.9368	-0.7083	0.5867	-0.1783	0.0407	10810	1351	8986	473.8	5.345	5.239	1.637	1.057	371.4
1-21	8.66	-134900	-1119000	-13.68	-9.094	9.094	-1.356	4.676	830.7	318.9	298.6	688	142.7	1884	1764	20.33	120.1	198.4	143.3	-139.3	185.4	119.5	119.5	0	119.5	99.22	119.7	124.3	138.8	103.8	205.2	0.3839	0.3594	0.8282	0.1718	2.268	2.123	-135200	-1116000	-27.55	-9.268	9.268	-1.39	3.665	-124500	-1104000	-45.22	-9.062	9.062	-1.45	4.788	518.5	1.008	1.377	-1.199	0.5002	-0.455	0.02807	22320	1651	20070	598.2	6.808	6.897	1.631	1.156	477.6
1-22	8.62	-126200	-1040000	-8.029	-9.131	9.131	-1.398	2.025	772.2	298.7	286.6	637.8	134.4	1504	1443	12.1	60.93	229.9	142.6	-125.1	213.6	120	120	2.842e-14	120	101.3	120.3	124.7	150.5	108.9	218.7	0.3869	0.3712	0.826	0.174	1.947	1.868	-126400	-1028000	-23.73	-9.27	9.27	-1.352	2.687	-117000	-1024000	-39.76	-9.077	9.077	-1.389	2.104	475.9	1.01	0.7183	-0.2336	-0.3929	0.5541	0.03509	15750	2480	11450	1824	5.9	5.566	2.254	1.043	448.2
1-23	8.05	-116200	-885600	183.6	-10.6	10.6	-7.09	26.23	654.9	249.1	220.6	525.4	129.5	1324	951.5	28.56	372.3	187.9	140.2	-135.6	171.1	119.5	119.5	0	119.5	34	119.4	130	141.3	105.2	187.2	0.3804	0.3368	0.8022	0.1978	2.021	1.453	-116500	-875800	180.4	-10.44	10.44	-7.244	28.22	-106700	-873100	149.4	-10.59	10.59	-6.934	25.36	407.7	1.058	6.961	-3.798	5.763	-0.9059	0.04566	10850	2118	8205	526.8	5.245	4.874	1.69	1.042	373
1-24	7.96	-102000	-778200	-0.438	-9.026	9.026	-0.874	3.948	638.5	259.3	194	493.3	145.2	1196	894.8	65.32	301.3	185.7	143.7	-134.1	164.9	119.4	119.4	5.684e-14	119.4	101	119	123.2	134.5	112.7	179.5	0.4061	0.3038	0.7726	0.2274	1.874	1.402	-102200	-771500	-19.43	-9.25	9.25	-1.035	3.645	-93770	-766000	-37.69	-9.024	9.024	-1.025	3.186	395.2	1.008	0.6981	-0.4892	0.4948	-0.05629	0.04636	9295	1561	7263	471.3	5.057	4.824	1.643	1.039	360.8
1-25	6.47	-131300	-1102000	-14.36	-9.119	9.119	-1.037	3.044	787.2	318.7	283.8	667.4	119.8	1778	1584	34.89	194.7	218.1	143.6	-138	199.2	119.6	119.6	2.842e-14	119.6	100.4	119.8	124.1	151.3	109.8	217.6	0.4048	0.3605	0.8479	0.1521	2.259	2.012	-131600	-1095000	-24.76	-9.263	9.263	-1.114	3.851	-121100	-1085000	-44.28	-9.06	9.06	-1.086	3.452	492.7	1.022	1.108	-1.073	-0.2577	0.09494	0.03238	17050	4688	11220	1142	6.038	5.854	2.021	1.054	457.5
1-26	7.89	-98370	-728500	5.791	-9.148	9.148	-1.342	2.503	616.4	241.8	189.3	492	124.4	1012	792.1	52.5	219.6	189.6	145.1	-122.8	174.6	119.4	119.4	0	119.4	103.8	119.4	123	137.7	105.1	178.1	0.3923	0.3072	0.7982	0.2018	1.641	1.285	-98600	-722900	-9.883	-9.285	9.285	-1.377	2.927	-90320	-717000	-22.62	-9.072	9.072	-1.395	2.137	376.2	1.017	0.5795	0.08224	0.5074	0.2676	0.0523	8548	1333	6762	452.6	4.946	4.6	1.621	1.052	343.6
1-29	5.96	-93090	-717100	21.5	-8.533	8.533	-0.2459	2.147	631.5	245.2	202.6	582.4	49.02	873.5	721.7	42.63	151.9	192.2	125.7	-119.5	195.2	120.3	120.3	1.421e-14	120.3	113.5	120.8	123.5	133.6	108	194.5	0.3884	0.3208	0.9224	0.07764	1.383	1.143	-93270	-710100	27.91	-8.521	8.521	-0.4058	2.218	-86340	-705700	7.282	-8.554	8.554	-0.4183	1.963	386.1	0.9568	0.5349	0.2721	0.2641	0.3773	0.04512	9001	1615	6960	426.5	5.097	4.818	1.576	1.023	362.1
1-31a	6.0	-93730	-735500	3.648	-9.149	9.149	-0.164	2.784	637.6	215.2	177.7	582.2	55.37	791.3	653.3	37.52	138	192.1	126.8	-119.7	195.1	121.7	121.7	0	121.7	115.7	122.2	124.8	134.8	109.9	193.1	0.3375	0.2787	0.9132	0.08684	1.241	1.025	-93940	-727900	11.28	-9.291	9.291	-0.3914	2.821	-87060	-727300	-8.739	-9.084	9.084	-0.3049	2.432	393.8	0.9483	0.686	0.464	0.2766	0.4229	0.05463	9017	1610	7007	399.9	5.087	4.781	1.528	1.117	367.5
1-31b	7.77	-93740	-735300	2.487	-9.139	9.139	0.1178	2.692	639.1	212.9	181.7	576.1	63.08	813.3	694.3	31.16	119	194.7	128.1	-122.4	192.6	121.3	121.3	-1.421e-14	121.3	114.9	121.3	124.3	137.5	113.7	193.7	0.3331	0.2843	0.9013	0.09869	1.272	1.086	-93940	-727600	11.04	-9.311	9.311	-0.1651	2.931	-87060	-725500	-10.32	-9.099	9.099	0.01749	2.269	394	0.9538	0.5339	0.3575	0.05737	0.3924	0.04383	8859	1319	6881	658.9	5.042	4.68	1.818	0.9797	365.4
1-31c	5.8	-86980	-692900	53.46	-8.988	8.988	0.4999	1.676	639	208.9	159.5	609.8	29.26	710.5	542.3	49.48	168.2	73.79	2.181	7.721	86	0.000194	1.421e-14	1.421e-14	0	-5.069	0.1621	2.539	15.01	-17.09	78.28	0.327	0.2495	0.9542	0.04579	1.112	0.8486	-87160	-684400	51.74	-9.232	9.232	0.1789	1.215	-81000	-682600	32.96	-9.031	9.031	0.33	1.956	390.1	0.9161	0.8306	-0.7418	-0.3666	0.07168	0.0419	8820	1507	6737	575.7	5.135	4.784	1.634	0.9794	365.1
1-31d	7.64	-100500	-778900	-29.08	-9.053	9.053	-0.6646	3.61	637.7	221	199.5	552.2	85.48	885.6	799.2	21.57	86.41	187.5	129.6	-126.5	186.2	119.3	119.3	2.842e-14	119.3	109	120.2	122.8	135.9	105.9	193.4	0.3466	0.3128	0.866	0.134	1.389	1.253	-100700	-770900	-23.12	-9.24	9.24	-0.7552	3.238	-93120	-766900	-44.93	-8.988	8.988	-0.7452	3.227	393.1	0.99	0.6826	-0.3766	0.5693	0.01017	0.04519	9218	1683	7070	465	5.043	4.835	1.586	1.028	366.1
1-34	5.92	-94590	-719300	30.09	-9.042	9.042	-0.474	1.028	623.3	252.7	186.6	540.4	82.87	991.1	732.1	66.04	259.1	176.2	127.5	-134.3	177.2	120	120	1.421e-14	120	105	120	123.8	134.3	107.8	191.5	0.4054	0.2994	0.8671	0.1329	1.59	1.174	-94770	-712800	29.81	-8.973	8.973	-0.5921	1.113	-86990	-707100	12.12	-9.045	9.045	-0.6089	0.9375	384.2	0.9784	0.3312	-0.1219	-0.2692	0.1496	0.04536	8995	1575	6994	425.3	5.088	4.812	1.54	1.025	355.1
1-35	6.1	-95230	-738500	19.19	-9.186	9.186	-0.2088	2.076	635.2	243.5	176.4	550.4	84.78	1072	776.6	67.1	295.4	185	131	-142.7	172	121.7	121.7	0	121.7	106.1	122.4	124.7	137.7	121.7	193	0.3833	0.2777	0.8665	0.1335	1.688	1.223	-95440	-732100	21.08	-9.288	9.288	-0.426	1.955	-87710	-727900	1.424	-9.128	9.128	-0.3879	1.58	390.8	0.9631	0.7053	0.4465	0.112	0.5344	0.0541	9010	1568	7045	397.3	5.077	4.78	1.522	1.112	362.9
1-37	8.38	-102000	-783000	-19.88	-9.035	9.035	-0.5795	3.213	630.7	249.7	199.3	520.3	110.4	1101	879.2	50.39	222.3	162.2	129.6	-151.3	162.3	119.7	119.7	0	119.7	100.9	119.7	123.2	136.3	106.3	193.9	0.396	0.3161	0.8249	0.1751	1.746	1.394	-102200	-774900	4.144	-9.245	9.245	-0.7017	3.223	-93780	-768800	-44.72	-9.002	9.002	-0.707	3.049	388.8	1.009	0.8223	-0.3245	0.7544	0.04132	0.04515	9167	1602	7104	461	5.022	4.814	1.576	1.023	360.4
1-38	7.89	-95230	-740400	13.64	-8.773	8.773	0.1351	2.274	634.2	240.8	184.5	549.4	84.75	1017	779.4	56.28	237.8	161.4	130.5	-154	158.5	121.5	121.5	0	121.5	106.4	121.2	125	136.8	112.2	191	0.3797	0.2909	0.8664	0.1336	1.604	1.229	-95440	-732100	14.58	-8.85	8.85	-0.09067	2.512	-87720	-727600	-8.283	-8.762	8.762	-0.03381	2.08	389.8	0.9694	0.5853	0.3298	0.2545	0.4111	0.05148	8897	1276	7147	474.3	5.046	4.674	1.748	1.061	360.5
1-39	8.35	-110300	-829200	-26.71	-9.106	9.106	-0.8738	2.017	654.9	227.3	246	544.5	110.4	1009	1092	18.73	83.11	161.3	129.7	-153.1	161.2	119.7	119.7	0	119.7	100.8	119.8	123.3	136.4	106.3	194.5	0.347	0.3756	0.8314	0.1686	1.54	1.667	-110100	-820200	-12.79	-9.272	9.272	-1.087	1.357	-100700	-814800	-43.69	-9.023	9.023	-0.9271	2.157	406.2	1.057	0.4416	-0.3364	0.2847	0.02813	0.045	11870	1744	9661	461.1	5.461	4.836	1.579	1.026	376.5
1-3a	7.46	-106200	-911700	44.18	-8.708	8.708	-0.05503	4.042	702.8	292.1	253.8	659.2	43.56	1241	1079	38.23	162.5	285.1	106.3	-100.6	284.8	100.7	100.7	7.105e-14	100.7	83.12	101.3	103.7	194.3	91.95	284.7	0.4156	0.3612	0.938	0.06198	1.767	1.535	-106300	-894000	82.4	-9.279	9.279	-0.1656	3.299	-98680	-899800	28.35	-8.723	8.723	-0.1271	3.835	435.7	0.9546	1.307	-0.6596	-1.099	0.2567	0.08283	9027	1479	4894	2654	4.759	4.054	2.389	1.167	417.5
1-3b	6.23	-117100	-1019000	7.512	-8.629	8.629	0.03061	4.444	745.5	296.5	239.2	660.1	85.35	1323	1068	57.35	256	318.2	110	-102.7	312.7	99.7	99.7	0	99.7	86.3	99.94	103	218.2	91.29	315.7	0.3978	0.3209	0.8855	0.1145	1.775	1.432	-117400	-1005000	9.681	-9.307	9.307	-0.3352	4.531	-108900	-1009000	-4.346	-8.617	8.617	-0.3232	4.83	462.8	0.974	1.471	-0.4338	-1.35	0.3941	0.08226	10360	2240	4927	3189	4.916	4.009	2.748	1.15	440
1-3c	7.74	-117000	-969200	0.2379	-8.748	8.748	-0.3397	3.083	707.9	280.9	269.3	664.8	43.06	1205	1155	11.57	49.66	283.6	105.9	-101.4	282.9	100.2	100.2	4.263e-14	100.2	89.03	100.8	103.2	193.9	91.43	284.2	0.3968	0.3804	0.9392	0.06083	1.702	1.632	-117100	-956100	7.879	-9.031	9.031	-0.5845	2.667	-108500	-958400	-15.26	-8.84	8.84	-0.4694	3.036	439.6	0.9929	1.031	-0.3469	-0.8751	0.4215	0.083	9845	1959	4898	2988	4.862	4.054	2.398	1.168	419.5
1-3d	8.27	-125400	-1072000	228.3	-10.81	10.81	-6.966	21.13	742.2	302.9	282.5	643.7	98.48	1727	1328	20.41	398.8	307.7	106	-88.5	299.7	99.96	99.96	0	99.96	2.442	100.7	110	200.7	91.21	288.2	0.4081	0.3806	0.8673	0.1327	2.326	1.789	NA	NA	NA	NA	NA	NA	0	-115700	-1058000	207.5	-10.87	10.87	-6.934	21.8	463.5	1.015	6.612	-5.424	-0.9123	-3.67	0.08054	11310	2849	4924	3532	5.043	4.075	2.692	1.157	437.9
1-3e	7.19	-107600	-912900	55.8	-8.822	8.822	-0.2718	2.931	688.8	320.2	213.2	627.3	61.56	1415	942.3	107	473.1	277.8	108.9	-106.6	274.4	100.7	100.7	0	100.7	72.99	101.5	103.9	193.4	91.87	280.3	0.4648	0.3095	0.9106	0.08937	2.055	1.368	-107800	-898300	63.4	-9.26	9.26	-0.4085	2.674	-99330	-900100	52.35	-9.223	9.223	-0.4088	2.972	431.2	0.9736	0.9696	-0.2192	-0.8018	0.4992	0.08238	9048	1627	4771	2650	4.759	4.048	2.318	1.162	410.4
1-3f	5.03	-108100	-966700	-15.7	-8.755	8.755	0.3929	3.786	722.7	200.4	174.4	688.8	33.88	701.7	610.5	26.06	91.22	217.4	105.4	-106.6	224.7	100.1	100.1	2.842e-14	100.1	86.48	100.3	103.5	147.7	84.1	231.2	0.2773	0.2413	0.9531	0.04688	0.9709	0.8447	-108400	-948400	3.223	-9.294	9.294	0.1992	3.215	-100800	-957700	-22.69	-8.61	8.61	0.2414	3.922	460.3	0.9355	1.171	-0.208	-1.153	-0.009033	0.08491	9534	3609	5084	840.1	4.854	4.206	2.401	1.226	432.5
1-3g	7.28	-90770	-713500	7.589	-8.756	8.756	0.408	3.945	621.4	229.9	180.1	573.2	48.2	804.9	630.5	49.8	174.3	197	104.6	-106.4	198.5	99.92	99.92	2.842e-14	99.92	84.82	100.2	102.4	133	90.9	205	0.37	0.2899	0.9224	0.07758	1.295	1.015	-90980	-704600	17.14	-9.315	9.315	0.1845	3.462	-84330	-706200	-7.436	-8.669	8.669	0.2399	4.008	383.2	0.9356	1.173	-0.2993	-1.119	0.1861	0.06947	7015	1240	5137	638.1	4.566	3.998	2.056	1.054	359.6
1-3h	6.08	-94370	-762600	6.428	-8.924	8.924	0.4226	3.684	667.7	222.5	175.7	624.4	43.35	778.8	615.2	46.73	163.6	185.9	104.6	-102.7	170.5	99.67	99.67	-4.263e-14	99.67	82.32	99.95	102.3	122.5	107.1	173.6	0.3332	0.2632	0.9351	0.06493	1.166	0.9213	-94590	-752000	13.17	-9.291	9.291	0.1802	3.344	-87770	-753300	-12.73	-9.18	9.18	0.2509	3.586	410.9	0.9242	1.148	-0.1452	-1.126	-0.1747	0.09142	7592	1949	4744	899.9	4.654	4.072	2.15	1.231	379.2
1-3i	7.34	-101700	-815300	-29.85	-8.831	8.831	0.3526	2.899	677.6	245.7	169.4	583	94.56	912.4	629	76.34	283.5	218.4	109.3	-106.8	194.9	99.79	99.79	-1.421e-14	99.79	82.09	99.78	102.5	146.4	111.1	201.9	0.3627	0.25	0.8605	0.1395	1.347	0.9283	-102000	-807000	-22.26	-9.221	9.221	0.07915	2.619	-94540	-805500	-46.36	-9.154	9.154	0.1943	2.913	419	0.9532	0.9131	0.08828	-0.8628	-0.2854	0.09152	8205	1595	4995	1615	4.731	4.027	2.428	1.218	384.5
1-3j	6.15	-101700	-813900	-29.61	-8.415	8.415	0.3753	4.632	662.9	232.7	166.6	575	87.9	864	618.7	66.05	245.3	229.7	109.2	-109.4	226.2	99.67	99.67	1.421e-14	99.67	86.88	99.69	102.4	156.8	90.98	235.9	0.351	0.2514	0.8674	0.1326	1.303	0.9334	-102000	-802500	-20.18	-9.045	9.045	0.0609	4.476	-94540	-804600	-44.84	-8.387	8.387	0.2204	4.811	410.3	0.9566	1.496	-0.1857	-1.467	0.2237	0.06787	8337	1424	6040	873.5	4.77	4.015	2.478	1.046	383.1
1-3k	7.19	-101600	-768500	-37.05	-8.972	8.972	0.1338	5.429	627.5	218.8	197.2	579.3	48.2	774.7	698	21.65	76.65	194.3	105.3	-110.1	195.5	100.4	100.4	-1.421e-14	100.4	85.49	100.8	102.9	133.5	91.39	205.3	0.3487	0.3142	0.9232	0.07682	1.235	1.112	-101700	-758800	-26.55	-9.396	9.396	-0.1475	4.193	-94120	-757300	-37.21	-8.898	8.898	0.01566	5.673	386.8	0.986	1.567	-0.2617	-1.536	0.168	0.06923	7958	1240	6050	668.7	4.738	4.006	2.058	1.054	359.5
1-3l	6.69	-101600	-767900	-37.35	-8.791	8.791	0.0952	5.219	627	218.7	196.9	578.8	48.2	774.4	697.2	21.8	77.2	195.5	105.2	-108.8	196.7	100.4	100.4	-2.842e-14	100.4	90.16	100.7	102.9	133.1	91.35	205.2	0.3488	0.3141	0.9231	0.07688	1.235	1.112	-101700	-758200	-13.58	-9.361	9.361	-0.1986	4.821	-94120	-758300	-51.14	-8.78	8.78	-0.00178	5.347	387.2	0.9836	1.469	-0.5845	-1.348	-0.01995	0.06952	7822	1305	5767	750.3	4.698	4	2.067	1.055	360.4
1-3m	4.92	-84020	-673500	39.28	-8.157	8.157	0.4774	2.005	622.9	200	155.5	598.4	24.52	658.3	511.9	44.49	146.4	175.8	107.7	-102	177.3	99.86	99.86	-1.421e-14	99.86	93.58	100.1	102.1	118	88.02	179.4	0.3211	0.2496	0.9606	0.03937	1.057	0.8217	-84210	-665400	52.45	-9.005	9.005	0.264	0.898	-78270	-662700	26.04	-8.359	8.359	0.3264	2.141	387.4	0.894	0.639	-0.5667	-0.2763	-0.1044	0.08198	6626	1158	4907	560.6	4.533	4.098	1.93	1.173	360.8
1-3n	6.97	-92270	-715900	24.59	-9.322	9.322	0.1598	5.461	625.8	272.2	142.2	556.1	69.72	999.3	522	130	477.2	182.8	106.7	-108.1	161.7	99.57	99.57	-1.421e-14	99.57	80.8	99.96	102.2	123.9	110.5	170.3	0.435	0.2272	0.8886	0.1114	1.597	0.8341	-92480	-706400	24.26	-9.388	9.388	0.00206	4.934	-84980	-706400	15.61	-9.238	9.238	-0.1059	5.203	387.1	0.9486	1.559	-0.5657	-1.389	-0.4232	0.09989	7010	1528	4570	913.1	4.558	3.916	1.964	1.238	355.8
1-3o	6.18	-75390	-537000	-20.41	-9.091	9.091	0.465	2.674	555.9	166.4	110.7	481.1	74.82	488.2	324.6	55.77	163.6	146.2	104.8	-107.1	150.2	100.4	100.4	-1.421e-14	100.4	94.07	100.7	102.9	115.1	89.24	156.9	0.2994	0.199	0.8654	0.1346	0.8783	0.5839	-75610	-530400	-15.17	-9.307	9.307	0.2386	2.573	-69970	-528400	-41.02	-9.097	9.097	0.3113	2.224	332.8	0.9143	0.6264	0.3619	0.08675	0.5039	0.06526	5059	1061	3600	397.9	4.294	4.025	1.535	1.028	300.1
1-40	6.57	-81950	-612700	-36.29	-9.137	9.137	0.4974	2.839	580.7	135	105.1	522.8	57.94	395.9	308.2	29.9	87.72	166.6	128.2	-127.9	170.7	120.7	120.7	-2.842e-14	120.7	115.7	120.7	123.9	136.2	106.1	177.9	0.2324	0.1809	0.9002	0.09976	0.6818	0.5307	-82170	-606000	-23.98	-9.3	9.3	0.2497	2.639	-76150	-605500	-43.62	-9.09	9.09	0.3168	2.497	354.3	0.9327	0.5782	0.3866	0.1307	0.4096	0.06409	6151	1225	4515	410.1	4.525	4.26	1.569	1.078	322.1
1-9	7.01	-90130	-685500	20.25	-9.167	9.167	-0.2819	2.833	625.6	221.5	183.5	560.7	64.93	814.7	674.7	38.08	140	188.7	140.7	-123.9	177.2	121.3	121.3	0	121.3	110.7	121.6	124.5	137.4	109.9	179.8	0.3541	0.2933	0.8962	0.1038	1.302	1.078	-90330	-678000	21.15	-9.316	9.316	-0.4629	2.993	-83610	-675900	-2.379	-9.132	9.132	-0.4353	2.487	380	0.9583	0.7378	0.5102	0.1506	0.5111	0.04992	8458	1336	6698	423.6	5.029	4.688	1.614	1.047	349
2-12	4.34	-80440	-601800	34.67	-9.131	9.131	0.4481	0.6274	626.6	230.6	173.3	588.4	38.2	806.4	606.2	57.27	200.3	54.45	1.906	2.295	65.08	0.0002867	-4.263e-14	-4.263e-14	0	-5.517	0.02234	2.162	11.39	-14.72	62.78	0.3681	0.2766	0.939	0.06097	1.287	0.9674	-80610	-594800	46.56	-9.309	9.309	0.204	0.8592	-74820	-591900	30.11	-9.088	9.088	0.2967	1.123	374.1	0.902	0.5315	-0.2236	-0.3521	0.3294	0.04849	8223	1316	6345	562.3	5.163	4.77	1.644	1.05	342
2-14	6.89	-94370	-753100	2.896	-9.118	9.118	0.1097	2.974	653.5	220.3	184.3	596.2	57.27	811.4	678.8	35.98	132.5	200.6	105.3	-101	201.5	99.81	99.81	0	99.81	93.84	100.4	102.9	142.9	89.78	202.6	0.3371	0.282	0.9124	0.08764	1.242	1.039	-94590	-742800	17.48	-9.297	9.297	-0.1209	2.901	-87770	-743000	-12.99	-9.074	9.074	-0.0207	2.408	404.9	0.9381	0.7005	0.2759	0.1238	0.6318	0.06589	9026	1451	6875	701	5.075	4.735	1.473	1.215	373.6
2-15	6.03	-109700	-971100	35.77	-9.227	9.227	0.04341	3.619	711.5	298	245.4	657.6	53.84	1364	1123	52.6	240.8	223.3	105.6	-99.96	220.7	100.1	100.1	2.842e-14	100.1	81.27	100.7	103.4	147.9	93.4	220.5	0.4189	0.3449	0.9243	0.07568	1.917	1.579	-110000	-959100	48.99	-9.322	9.322	-0.1211	3.345	-102100	-959300	21.81	-9.179	9.179	-0.07816	3.449	460.4	0.9463	1.217	-0.5511	-1.076	0.1439	0.1194	9235	2380	6004	851.9	4.731	3.96	2.359	1.368	436
2-21	9.22	-132600	-1119000	-24.61	-9.239	9.239	-1.033	2.736	832.4	305.8	284.8	709.1	123.3	1754	1634	21.01	120.5	246	109.1	-85.16	243.7	100.1	100.1	-2.842e-14	100.1	80.24	101	105.1	153.1	87.44	228.8	0.3674	0.3421	0.8519	0.1481	2.107	1.963	-133600	-1100000	108.8	-9.349	9.349	-1.736	3.448	-123400	-1095000	-37.75	-9.149	9.149	-0.9082	3.175	526.5	1.01	0.5904	0.2993	-0.2414	-0.448	0.0345	23590	2986	19750	849.8	6.934	6.804	1.396	1.264	485.8
2-22	9.52	-136200	-1188000	-8.423	-9.162	9.162	-1.012	6.16	848.6	289	287.1	736.4	112.2	1658	1647	1.86	10.67	239.4	109	-84.45	237.8	99.81	99.81	-5.684e-14	99.81	77.98	100.7	105	146.6	86.18	222.4	0.3405	0.3383	0.8677	0.1323	1.953	1.941	-137200	-1169000	106.8	-9.36	9.36	-1.74	8.404	-126800	-1166000	-45	-9.154	9.154	-0.9054	6.374	543.5	1.009	1.589	0.4291	-0.7776	1.318	0.03411	23310	2147	18200	2963	6.796	6.552	1.636	1.21	500
2-23	9.22	-148000	-1398000	46.21	-8.91	8.91	-1.07	1.37	895.3	358.6	356.6	796.6	98.71	2260	2248	2.031	12.8	324.8	110	-83.27	321.9	100.7	100.7	0	100.7	60.48	101.6	105.8	200.1	88.35	304.4	0.4006	0.3983	0.8897	0.1103	2.525	2.511	-148900	-1370000	140.7	-9.299	9.299	-1.743	2.734	-137700	-1375000	20.61	-8.968	8.968	-0.9868	2.637	571.5	1.017	0.9248	0.2694	-0.8145	-0.3452	0.05005	18790	6258	5258	7276	5.831	4.947	3.218	1.107	543.5
2-24	4.59	-68220	-456900	-23.79	-9.335	9.335	0.01023	2.557	500.7	166.5	111.4	400.4	100.3	479.5	320.8	55.12	158.8	175	104.9	-102.6	178.3	100.1	100.1	-1.421e-14	100.1	90.58	100.6	102.6	142.4	88.79	180.8	0.3325	0.2224	0.7996	0.2004	0.9577	0.6407	-68410	-451300	-17.39	-9.692	9.692	-0.1277	2.572	-63080	-448800	-31.44	-9.2	9.2	-0.02405	2.144	292.9	0.9457	0.7388	0.2904	0.3507	0.5819	0.07142	3776	617.8	2988	170.3	3.915	3.871	1.157	1.035	260.5
2-25	6.11	-94370	-749400	2.153	-9.058	9.058	0.00831	2.722	655.9	233.7	170.5	590.7	65.2	859.2	626.9	63.19	232.4	213.1	105	-101.3	213.4	99.7	99.7	5.684e-14	99.7	94.67	100.3	102.8	150.8	90.42	215	0.3562	0.2599	0.9006	0.0994	1.31	0.9557	-94590	-740200	12.72	-9.223	9.223	-0.1221	2.816	-87770	-736800	-13.66	-9.028	9.028	-0.01868	2.276	405.7	0.9341	0.6799	0.3871	0.1428	0.5404	0.07046	9359	1006	7650	703	5.167	4.838	1.433	1.284	375.2
2-26	6.84	-94370	-741200	1.219	-9.086	9.086	0.03248	2.837	665.9	230	162.6	599.7	66.21	845.8	597.7	67.46	248.1	210.3	105.3	-101.4	210.4	100.1	100.1	0	100.1	93.74	100.7	103.2	149.8	90.96	211.7	0.3454	0.2441	0.9006	0.09943	1.27	0.8976	-94590	-733300	10.99	-9.249	9.249	-0.1211	2.782	-87780	-731500	-15.13	-9.066	9.066	-0.02425	2.432	407.3	0.9276	0.7133	0.3351	0.3303	0.536	0.05865	9784	2355	6902	526.4	5.283	5.004	1.543	1.212	377.9
2-27	4.39	-94370	-739300	0.5502	-9.106	9.106	0.025	2.891	665.9	229.9	162.3	599.7	66.21	845.6	596.7	67.67	248.9	210.4	105.3	-101.4	210.5	100.1	100.1	-4.263e-14	100.1	93.69	100.7	103.2	149.8	90.96	211.8	0.3453	0.2437	0.9006	0.09943	1.27	0.8961	-94590	-731100	9.034	-9.217	9.217	-0.1226	2.784	-87780	-729900	-15.25	-9.054	9.054	-0.02264	2.437	408.3	0.9282	0.734	0.3116	0.3194	0.5829	0.04912	9873	2160	7002	711	5.307	5.028	1.654	1.114	377.6
2-28	4.85	-110100	-871200	184.2	-11.18	11.18	-6.405	22.2	662.5	252	202.7	564.6	97.97	1294	837.9	49.35	456.1	242.5	105.6	-100.3	235.6	99.86	99.86	0	99.86	27.36	100.6	109.9	175	90.21	236.1	0.3804	0.3059	0.8521	0.1479	1.953	1.265	-110400	-860300	204.5	-10.93	10.93	-6.666	22.5	-101400	-853700	167.1	-11.07	11.07	-6.459	22.67	411.4	1.015	5.446	3.914	-3.556	-1.301	0.07403	10490	2349	7347	791.9	5.236	4.826	1.45	1.313	377
2-29	6.43	-110100	-844200	185.4	-11.02	11.02	-6.747	26.53	679.5	248.2	213.4	558.8	120.7	1274	882.1	34.84	392.2	225.4	105.8	-95.29	217.9	100.1	100.1	4.263e-14	100.1	26.68	100.8	110.1	155.8	91.05	213.1	0.3653	0.314	0.8224	0.1776	1.875	1.298	-110400	-835200	204.1	-10.81	10.81	-6.944	26.97	-101400	-828900	166.1	-10.88	10.88	-6.763	27.4	415.6	1.007	7.309	5.482	-4.5	1.762	0.06356	11890	3568	7719	601.6	5.575	5.014	1.554	1.264	379.8
2-30	5.48	-110100	-836800	185.6	-10.97	10.97	-6.729	29.06	677	248.1	211	556.8	120.2	1274	872.1	37.13	401.6	226.2	105.8	-94.58	218.6	100.1	100.1	4.263e-14	100.1	28.25	100.8	110.1	155.5	91.05	213.1	0.3665	0.3116	0.8224	0.1776	1.881	1.288	-110400	-826500	203.7	-10.77	10.77	-6.932	29.74	-101400	-823600	164.6	-10.89	10.89	-6.692	28.83	415.7	1.005	7.682	4.404	-5.001	3.823	0.04929	12190	2911	8054	1226	5.646	5.059	1.695	1.123	380.6
2-31	4.89	-94370	-729800	1.304	-9.093	9.093	0.01302	2.732	671.7	243.5	188.8	605.4	66.32	897.1	695.5	54.72	201.6	208	105.4	-98	211.3	100.1	100.1	0	100.1	92.23	100.8	103.2	146.9	87.6	209.2	0.3625	0.2811	0.9013	0.09873	1.335	1.035	-94590	-720800	12.07	-9.224	9.224	-0.1224	2.664	-87770	-718800	-11.23	-9.08	9.08	-0.03529	2.288	411.6	0.9297	0.7556	0.3043	0.3729	0.5825	0.04069	11360	1734	9357	269.1	5.693	5.44	1.138	1.097	377
2-32	4.27	-97300	-758700	44.59	-8.895	8.895	-0.03757	2.755	694.4	262.7	208	618.6	75.85	1053	833.5	54.71	219.2	209.7	105.6	-105.3	211	100.1	100.1	1.421e-14	100.1	92.3	100.8	103.7	151.3	88.92	216.2	0.3784	0.2996	0.8908	0.1092	1.516	1.2	-97520	-748800	31.25	-9.011	9.011	-0.1241	2.904	-90490	-746300	15.71	-9.004	9.004	-0.1741	2.359	423.4	0.9286	0.7329	0.3111	0.3198	0.5815	0.04562	11720	2138	8342	1242	5.686	5.282	1.723	1.128	390.4
2-33	4.28	-97520	-739400	-24.1	-9.493	9.493	-0.03758	2.866	634.6	238.1	205.1	539.2	95.34	942.9	812.4	32.95	130.5	233	109.1	-105.6	224.2	100.5	100.5	1.421e-14	100.5	87.3	101.5	104.3	165.2	95.7	229.3	0.3752	0.3233	0.8498	0.1502	1.486	1.28	-97750	-728600	-18.95	-9.671	9.671	-0.1619	3.321	-90380	-729000	-40.57	-9.434	9.434	-0.08435	2.246	384	0.9803	0.9215	0.3552	0.7681	-0.3648	0.06412	9189	973.9	7118	1097	5.121	4.817	1.396	1.22	357.5
2-34	4.42	-81910	-607100	3.936	-9.077	9.077	0.01804	2.681	599.7	238.8	140.9	500.9	98.79	808.3	476.9	97.89	331.4	197.2	107.7	-101.5	187.8	100.1	100.1	1.421e-14	100.1	94.91	100.9	104.5	147.4	96.64	189.2	0.3982	0.2349	0.8352	0.1648	1.348	0.7953	-82140	-597600	7.85	-9.574	9.574	-0.1267	2.886	-76120	-596400	-11.88	-9.057	9.057	-0.02397	2.355	362.5	0.917	0.7073	0.2911	0.3143	0.5628	0.04792	6942	1120	5568	253.4	4.807	4.732	1.22	1.036	327.6
2-35	6.39	-92720	-744300	-50.27	-9.047	9.047	0.01046	2.723	652.5	139	99.96	587.7	64.85	387.7	278.9	39	108.8	183.7	105.7	-102.8	195	100.1	100.1	4.263e-14	100.1	95.31	100.6	103.7	141.6	78.87	197.7	0.213	0.1532	0.9006	0.09938	0.5942	0.4274	-92990	-735100	-30.57	-9.571	9.571	-0.123	2.698	-86500	-734300	-57.2	-9.027	9.027	-0.03305	2.363	406.6	0.9113	0.6911	0.4593	0.355	0.375	0.0421	9445	2498	6674	273.4	5.251	5.082	1.435	1.043	375.9
2-36	4.62	-105800	-941200	-51.73	-8.93	8.93	0.0079	2.758	686	137.6	102.2	621.3	64.73	384	285	35.48	99	226.4	106.1	-103.1	226.1	100.3	100.3	4.263e-14	100.3	96.59	100.7	104.8	155.9	89.82	228.9	0.2006	0.1489	0.9056	0.09436	0.5598	0.4155	-106100	-928300	-18.09	-9.531	9.531	-0.1253	2.7	-98860	-927900	-59.43	-8.975	8.975	-0.02866	2.412	433.8	0.9471	0.6906	0.5944	0.3126	0.1607	0.05612	11760	1556	8947	1258	5.459	5.171	1.458	1.225	416.6
2-3b	6.0	-90790	-690100	-6.118	-9.15	9.15	0.03235	3.436	650.9	233.6	174.1	597.7	53.17	875.4	652.5	59.47	222.8	92.82	4.986	-2.392	96.83	0.0002537	-2.842e-14	-2.842e-14	0	-8.741	0.4967	2.873	42.18	-12.37	99.22	0.3589	0.2676	0.9183	0.08169	1.345	1.003	-90990	-685400	4.621	-9.252	9.252	-0.1798	3.352	-84330	-677800	-10.1	-9.119	9.119	-0.2753	2.505	389.2	0.9353	0.7544	0.02727	0.1859	-0.7306	0.05747	9170	2459	6064	647.3	5.22	4.901	1.681	1.175	359.8
2-3c	6.33	-90790	-681700	-6.197	-9.102	9.102	-0.1239	3.056	654.4	223	177.9	592.7	61.73	835.5	666.4	45.12	169.1	63.95	4.99	-2.419	68.08	0.0002411	0	0	0	-9.702	0.4878	2.87	15.85	-12.47	70.5	0.3407	0.2718	0.9057	0.09432	1.277	1.018	-91000	-680000	2.371	-9.243	9.243	-0.1751	3.422	-84330	-670900	-13.76	-9.102	9.102	-0.293	2.631	394.5	0.9379	0.7718	0.004237	0.3092	-0.7071	0.04452	9672	1478	7413	780.6	5.361	5.153	1.686	1.087	358.8
2-3d	6.74	-90790	-680700	-6.45	-9.102	9.102	-0.1285	3.344	654.6	224.5	177	592.9	61.73	841.3	663.1	47.57	178.3	64.03	4.991	-2.374	68.16	0.00024	1.421e-14	1.421e-14	0	-9.727	0.484	2.867	14.64	-12.47	70.54	0.343	0.2703	0.9057	0.09429	1.285	1.013	-90990	-674200	23.89	-9.305	9.305	-0.2789	3.147	-84330	-669800	-13.92	-9.096	9.096	-0.3191	3.008	393.4	0.9273	0.8198	0.02659	0.3363	-0.7472	0.0461	9804	1389	7762	652.9	5.398	5.231	1.589	1.123	362.9
2-3e	6.06	-106500	-800600	183.2	-10.69	10.69	-6.683	23.13	661.7	253.7	212.1	566.2	95.46	1320	891.6	41.61	428.6	75.88	5.476	-9.245	65.65	0.0002603	0	0	0	-83.52	0.6844	9.78	27.69	-5.705	74.89	0.3834	0.3205	0.8557	0.1443	1.995	1.347	-106800	-791500	204.8	-10.59	10.59	-6.946	23.5	-97910	-785800	174.3	-10.69	10.69	-6.581	22.84	400.9	1.016	5.123	-0.6531	4.7	1.929	0.03997	10010	1233	7633	1141	5.211	4.803	1.861	0.9602	362.8
2-3f	6.64	-106500	-777000	183.8	-10.48	10.48	-6.969	31.39	666.5	242.7	226.2	550	116.5	1263	950.8	16.55	312.3	78.17	5.472	2.746	74.66	0.0002425	1.421e-14	1.421e-14	0	-76.5	0.6541	9.775	21.31	-12.39	71.91	0.3642	0.3394	0.8252	0.1748	1.895	1.427	-106800	-774400	227.4	-10.37	10.37	-7.201	32.17	-97910	-761600	171.9	-10.46	10.46	-6.919	30.95	402.5	1.015	7.696	-2.724	6.938	1.915	0.04305	12120	1802	9183	1137	5.736	5.214	1.696	1.082	362.9
2-3g	7.26	-106500	-773200	184.9	-10.5	10.5	-7.046	31.96	668	244.7	225.7	550.9	117.1	1273	948.8	19.02	324.7	83.01	5.471	7.547	79.52	0.0002361	0	0	0	-79.86	0.6414	9.774	20.24	-12.39	71.97	0.3664	0.3379	0.8247	0.1753	1.906	1.42	-106800	-768500	204.3	-10.36	10.36	-7.24	32.84	-97910	-758400	173.2	-10.47	10.47	-7.001	31.29	402.9	1.016	8.353	-1.743	8.168	0.1544	0.04742	12550	1504	10340	704.3	5.836	5.276	1.584	1.149	362.5
2-3h	7.06	-98170	-728800	-37.68	-9.139	9.139	-0.0435	4.279	670.1	236.9	183.2	567.6	102.5	939.4	726.4	53.72	213	95.51	9.739	-4.757	94.65	0.0002429	2.842e-14	2.842e-14	0	-9.735	0.1553	3.035	38.92	-12.07	99.41	0.3535	0.2733	0.8471	0.1529	1.402	1.084	-98420	-723300	-8.409	-9.209	9.209	-0.1691	3.885	-91090	-716700	-42.31	-9.087	9.087	-0.285	4.008	400.5	0.9611	1.095	0.204	0.1929	-1.059	0.05197	11100	1416	9029	654	5.611	5.324	1.568	1.214	366.8
2-3i	6.92	-97530	-713000	-29.82	-9.181	9.181	-0.8684	2.903	657.9	255	205.3	533.6	124.3	1064	856.8	49.75	207.6	70.13	6.271	1.184	72.02	0.0002453	0	0	0	-15.86	0.8572	3.366	16.08	-12.39	70.84	0.3877	0.312	0.8111	0.1889	1.618	1.302	-97760	-707000	-20.65	-9.285	9.285	-0.5804	1.351	-90380	-7e+05	-37.96	-9.146	9.146	-0.9853	1.432	396	0.9665	0.4729	-0.2867	-0.3299	-0.1807	0.04798	11020	1413	8954	652.4	5.608	5.123	1.599	1.122	362.6
2-3j	6.74	-95500	-682900	-6.482	-9.173	9.173	-0.4251	3.2	651.6	210.6	243.4	589.9	61.73	796.2	920.3	32.82	124.1	61.74	5.038	-2.608	65.72	0.0002395	-2.487e-14	-2.487e-14	0	-9.567	0.5905	2.785	14.25	-12.39	68.33	0.3232	0.3736	0.9053	0.09473	1.222	1.412	-95240	-676500	2.763	-9.294	9.294	-0.5944	3.038	-87830	-670600	-10.88	-9.129	9.129	-0.5815	2.616	392.1	0.9997	0.7738	0.03402	-0.1874	-0.75	0.05165	11500	1459	9373	669	5.677	4.841	1.619	1.1	357
2-3k	7.07	-98060	-688800	-44.63	-9.176	9.176	-0.4208	3.219	632.2	221.7	212.9	570.5	61.73	841	807.7	8.773	33.28	60.61	5.112	-2.925	64.53	0.000239	2.132e-14	2.132e-14	0	-8.897	0.5664	2.794	15.5	-12.39	67.45	0.3507	0.3368	0.9024	0.09764	1.33	1.278	-98120	-684700	-36.32	-9.287	9.287	-0.574	3.027	-90680	-675500	-47.79	-9.139	9.139	-0.618	2.672	378.3	0.9875	0.763	0.03311	-0.137	-0.7498	0.05163	10050	1402	7993	655	5.433	4.826	1.619	1.097	344.8
2-3l	7.29	-101100	-757600	-35.87	-9.179	9.179	-0.7968	4.774	684	233	199.6	580.3	103.8	972.5	833	33.44	139.6	74.94	6.929	1.616	76.33	0.0002455	-1.421e-14	-1.421e-14	0	-17.31	0.9152	3.351	16.44	-12.59	74.71	0.3407	0.2918	0.8483	0.1517	1.422	1.218	-101400	-750400	-16.3	-9.336	9.336	-0.9727	4.432	-93830	-744200	-45.22	-9.146	9.146	-0.7461	4.506	414.1	0.971	1.423	0.3689	-0.3012	-1.341	0.04929	12290	1490	10100	705.4	5.808	5.464	1.568	1.213	375.4
2-3m	7.54	-129000	-1054000	-31.96	-9.194	9.194	-1.106	3.009	819.2	301.5	296.8	702.2	117.1	1751	1723	4.781	27.76	100	8.704	14.17	101.7	0.0003931	1.421e-14	1.421e-14	0	-24.56	0.8318	4.803	19.22	-16	87.53	0.3681	0.3622	0.8571	0.1429	2.137	2.103	-130000	-1038000	101.9	-9.317	9.317	-1.754	3.046	-119900	-1028000	-36.37	-9.185	9.185	-1.128	4.305	512.1	1.014	0.973	0.8782	-0.3162	-0.2748	0.04293	22970	1646	20280	1035	6.941	6.766	1.649	1.402	470
2-3n	6.1	-88690	-642100	10.48	-9.132	9.132	-0.4229	2.752	621.4	255.1	168.7	538.7	82.66	1039	687.3	86.39	351.9	66.35	7.426	4.697	67.85	0.0002607	-1.421e-14	-1.421e-14	0	-8.354	0.7033	2.754	17.62	-12.39	63.15	0.4105	0.2715	0.867	0.133	1.672	1.106	-88890	-639000	16.62	-9.237	9.237	-0.4454	4.151	-81530	-630300	1.618	-9.085	9.085	-0.5633	2.212	372	0.9541	0.684	-0.21	0.5581	-0.3351	0.05134	8572	1337	6599	635.9	5.148	4.794	1.629	1.086	339
2-3o	7.16	-88690	-642900	13.4	-9.151	9.151	-0.4445	2.569	616.5	260.5	158.4	538.7	77.88	1022	621.6	102.1	400.7	63.6	7.379	-2.252	64.93	0.0002443	-2.132e-14	-2.132e-14	0	-15.71	0.7383	2.943	17.73	-12.39	67.19	0.4226	0.257	0.8737	0.1263	1.658	1.008	-88890	-638700	50.31	-9.281	9.281	-0.4704	3.69	-81530	-630700	2.58	-9.129	9.129	-0.6703	1.135	369.1	0.9576	0.3913	-0.2059	0.01198	-0.3326	0.04987	8590	1333	6624	632.8	5.153	4.738	1.627	1.058	337.8
2-3p	7.41	-88690	-642400	29	-9.183	9.183	-0.3312	3.431	616.8	263.8	155.4	537.5	79.26	1035	609.9	108.3	425	56.45	7.553	-8.998	57.58	0.000244	-1.421e-14	-1.421e-14	0	-14.64	0.7415	2.972	16.89	-12.39	66.57	0.4277	0.252	0.8715	0.1285	1.678	0.9888	-88890	-637700	18.43	-9.299	9.299	-0.4008	3.108	-81530	-630800	3.351	-9.157	9.157	-0.672	2.843	370.2	0.9644	0.796	0.03468	-0.2636	-0.7503	0.05379	8619	1337	6646	636.2	5.162	4.687	1.63	1.087	335.4
2-3r	5.8	-89140	-686900	-58.71	-9.175	9.175	0.499	3.063	638.5	129.1	102.2	582	56.48	387.7	306.8	26.93	80.88	41.14	4.655	-8.152	51.19	0.0001395	7.105e-15	7.105e-15	0	-8.722	0.1074	3.095	14.91	-17.9	59.34	0.2022	0.16	0.9115	0.08846	0.6073	0.4806	-89390	-676900	-37.56	-9.33	9.33	0.2209	2.483	-83050	-676500	-55.92	-9.113	9.113	0.3205	2.64	386.8	0.9231	0.7528	0.0289	0.0816	-0.7478	0.03697	9044	1628	6738	678	5.247	5.123	1.624	0.9851	355.9
2-9	6.28	-85690	-635400	-8.479	-9.106	9.106	-0.3328	2.408	627.9	221.3	187.3	581.7	46.22	669	566.3	33.97	102.7	66.88	3.581	6.247	73.6	0.0002488	0	0	0	-7.958	0.3712	2.496	11.86	-13.17	67.35	0.3524	0.2983	0.9264	0.0736	1.065	0.9019	-85880	-629200	4.149	-9.309	9.309	-0.05127	2.044	-80230	-627300	-10.31	-9.049	9.049	-0.4255	2.242	377.8	0.9237	0.7485	-0.1234	0.5562	-0.4855	0.04823	8644	1467	6397	779	5.185	4.815	1.671	1.058	348
3-12a	7.89	-106300	-817900	-43.01	-8.706	8.706	-0.4587	3.707	687.3	238.1	174.8	539.7	147.6	917.6	673.7	63.29	243.9	144.6	25.97	6.665	127.1	0.0003437	-4.263e-14	-4.263e-14	0	-14.53	-0.8713	3.15	60.61	-10.69	120.4	0.3464	0.2543	0.7852	0.2148	1.335	0.9802	-106600	-808900	-48.39	-8.796	8.796	-0.5347	3.775	-99210	-806700	-55.24	-8.923	8.923	-0.5464	3.701	410.9	0.9834	1.333	-0.03379	-1.332	-0.04613	0.05736	10730	8776	1488	466.2	5.332	5.097	1.644	1.221	383.9
3-13a	4.3	-113700	-886400	-102.2	-8.789	8.789	-0.3882	4.822	687.1	226.8	181.8	525.2	161.9	843.4	676	45	167.3	169.6	24.38	0.2721	139.4	0.0002955	-2.842e-14	-2.842e-14	0	-17.58	-0.2642	4.311	76.37	1.795	139.1	0.3301	0.2646	0.7643	0.2357	1.227	0.9839	-114100	-872200	-103.9	-9.22	9.22	-0.6637	3.972	-106000	-877300	-114.3	-8.955	8.955	-0.4469	4.968	414.7	1.026	1.29	1.131	-0.603	0.1483	0.06274	10990	2412	5337	3242	5.285	4.957	1.629	1.242	383.6
3-13b	5.27	-84440	-587200	-101.9	-8.748	8.748	-0.3408	3.862	542.4	149	87.22	374	168.4	393.2	230.1	61.81	163.1	113.8	20.55	2.618	98.85	0.0001848	0	0	0	-13.49	-0.7308	2.991	55.51	-7.848	96.23	0.2748	0.1608	0.6896	0.3104	0.7249	0.4243	-84710	-579900	-100.5	-8.783	8.783	-0.5223	3.624	-78690	-578200	-104.6	-8.954	8.954	-0.4231	3.837	318.3	0.9974	1.206	0.1025	-1.201	0.03364	0.06403	4664	3867	641	156.1	4.015	3.879	1.716	0.9817	290.1
3-13c	5.68	-88650	-695400	-7.903	-9.123	9.123	-0.3083	3.61	620.1	210.6	180.4	572.2	47.93	635.4	544.4	30.16	90.99	73.99	3.103	5.88	79.64	0.0004089	-3.553e-15	-3.553e-15	0	-8.321	0.3472	2.85	14.42	-11.95	73.76	0.3396	0.291	0.9227	0.07729	1.025	0.8779	-88830	-688000	10.09	-9.329	9.329	-0.4296	3.038	-82960	-687000	-11.97	-9.104	9.104	-0.3779	3.579	372.5	0.9484	1.294	-0.2972	-0.131	1.253	0.08273	7329	630.4	6352	346.2	4.688	4.304	1.617	1.238	351.6
3-13d	4.82	-92240	-757600	-10.04	-9.071	9.071	0.05203	2.569	625.8	196.6	169	587.8	38.07	593.3	510	27.61	83.31	84.86	3.732	7.095	80.87	0.007245	-1.421e-14	-1.421e-14	0	-12.64	0.2968	2.867	15.62	-2.916	73.78	0.3142	0.2701	0.9392	0.06083	0.9479	0.8148	-92430	-746500	6.383	-9.28	9.28	-0.1475	2.494	-86410	-747000	-13.34	-9.067	9.067	-0.02632	2.422	392.6	0.9453	0.9278	0.6062	0.2325	0.6627	0.06521	7369	1821	2694	2854	4.605	4.327	1.63	1.105	367.6
3-13e_E2020	8.24	-107000	-841100	-69.88	-8.744	8.744	-0.3377	3.541	679.9	222.3	156.6	545.8	134.1	765.3	538.9	65.77	226.4	146.7	20.98	4.243	128.6	0.0003393	2.309e-14	2.309e-14	0	-11.74	-0.6709	3.391	62.3	-5.588	124.3	0.327	0.2303	0.8028	0.1972	1.126	0.7926	-107300	-831700	-68.87	-9.304	9.304	-0.713	2.923	-99940	-831000	-78.81	-8.929	8.929	-0.4143	3.667	413.9	0.9816	1.23	0.953	0.4722	0.6182	0.0698	10440	779.8	7089	2570	5.245	4.936	1.611	1.304	386.6
3-13f	7.09	-96030	-735500	-34.82	-9.092	9.092	-0.3742	4.798	637.3	216.6	171.2	541.6	95.75	699.4	552.9	45.39	146.6	105.4	16.23	0.2202	92.44	0.0003427	0	0	0	-8.497	-0.3789	3.052	38.31	-5.905	92.22	0.3398	0.2686	0.8498	0.1502	1.097	0.8675	-96260	-727200	-29.11	-9.056	9.056	-0.497	4.209	-89730	-725900	-43.57	-9.117	9.117	-0.4462	4.653	386.1	0.9667	1.7	1.238	0.1079	1.16	0.05678	9048	632.8	6384	2031	5.088	4.903	1.349	1.168	361.5
3-13g	8.19	-96030	-735900	-36.21	-9.158	9.158	-0.291	3.434	639.8	219.5	171.1	541.3	98.56	708.9	552.6	48.42	156.4	107.4	16.18	1.972	94.44	0.0001541	-2.842e-14	-2.842e-14	0	-8.936	-0.505	3.196	38.52	-5.906	92.47	0.3431	0.2674	0.846	0.154	1.108	0.8636	-96260	-727500	-30.05	-9.174	9.174	-0.4486	3.168	-89730	-726500	-44.7	-9.097	9.097	-0.3684	3.335	386	0.9687	1.069	0.676	-0.1543	0.8135	0.06159	8942	560.5	6109	2272	5.058	4.876	1.346	1.21	360.8
3-13h	7.92	-96030	-745000	-33.85	-9.115	9.115	-0.3843	4.458	637.9	219.3	170.2	545.6	92.24	708.1	549.7	49.06	158.4	106.3	16.24	0.7503	93.2	0.0001557	1.421e-14	1.421e-14	0	-10.05	-0.3053	3.064	38.61	-5.905	92.45	0.3438	0.2668	0.8554	0.1446	1.11	0.8618	-96260	-736800	-28.4	-9.121	9.121	-0.509	3.963	-89730	-736100	-42.73	-9.079	9.079	-0.4485	4.253	387.1	0.9691	1.43	0.882	-0.2618	1.095	0.08677	8129	622.4	5323	2183	4.823	4.545	1.5	1.339	360.6
3-13i	7.07	-107000	-849900	-67.24	-9.011	9.011	-0.4594	4.794	675.4	225.7	149.1	560.5	114.9	776.9	513.1	76.65	263.8	128	21.11	5.216	100.9	0.000339	0	0	0	-7.488	-0.6165	3.39	39.8	3.176	95.71	0.3342	0.2207	0.8299	0.1701	1.15	0.7597	-107300	-840200	-66.72	-9.211	9.211	-0.619	3.922	-99940	-839000	-75.93	-9.105	9.105	-0.5048	4.741	417.1	0.9715	1.828	1.095	0.3081	1.431	0.06013	10160	1011	7046	2105	5.175	4.973	1.563	1.219	390.6
3-13j	7.6	-107000	-845500	-71.51	-9.068	9.068	-0.2104	4.305	677.1	229.8	150.9	546	131.1	791.1	519.4	78.91	271.6	144.1	21.01	1.709	125.9	0.0001657	-8.882e-16	-8.882e-16	0	-7.718	-0.7835	3.581	62.45	-5.587	124.2	0.3394	0.2229	0.8063	0.1937	1.168	0.7671	-107300	-834900	-67.78	-8.967	8.967	-0.3944	3.979	-99940	-834300	-80.73	-9.06	9.06	-0.2946	4.037	412.8	0.9841	1.373	0.7503	-0.4077	1.075	0.06454	10260	874.2	7052	2336	5.2	5.069	1.461	1.288	385.6
3-13k	7.44	-107000	-851400	-68.68	-8.761	8.761	-0.3453	5.135	677.2	227.5	150.1	551.8	125.3	783	516.6	77.38	266.3	143.8	21.05	1.125	125.5	0.0001478	0	0	0	-9.046	-0.5713	3.403	62.84	-5.588	124.4	0.3359	0.2217	0.8149	0.1851	1.156	0.7629	-107300	-843900	-60.38	-9.046	9.046	-0.5474	3.903	-99940	-841800	-77.93	-8.902	8.902	-0.4105	4.763	414.4	0.9857	1.738	0.9589	-0.5154	1.354	0.07443	9550	954.7	6347	2249	5.016	4.781	1.742	1.304	385
3-13l	7.7	-107000	-850900	-69.92	-9.139	9.139	-0.3607	3.813	679.2	228.1	157.7	551.9	127.3	785.2	542.7	70.44	242.4	125.6	21	3.17	98.65	0.0001553	0	0	0	-8.871	-0.6366	3.39	40.19	3.176	95.48	0.3358	0.2321	0.8125	0.1875	1.156	0.799	-107300	-841700	-67.46	-9.213	9.213	-0.578	2.878	-99940	-841200	-77.03	-9.094	9.094	-0.4606	3.149	417.9	0.9809	1.044	0.8217	-0.3502	0.5395	0.06747	9764	677.9	6433	2653	5.072	4.859	1.49	1.262	386.9
3-13m	7.89	-118000	-962800	-103.5	-9.158	9.158	-0.3782	5.336	719.9	225.1	139.8	575.4	144.5	822.6	510.9	85.29	311.7	146.8	25.84	6.308	106	0.0003227	-2.132e-14	-2.132e-14	0	-8.963	-0.9593	3.725	42.81	12.23	99.64	0.3127	0.1942	0.7993	0.2007	1.143	0.7097	-118300	-951900	-105.4	-9.169	9.169	-0.6233	4.388	-110100	-952400	-111.7	-9.128	9.128	-0.4709	4.886	448.4	0.9838	1.653	1.215	0.08476	1.117	0.07072	11490	2828	6503	2156	5.296	5.017	1.731	1.334	416.2
3-13n	5.48	-103400	-803200	-62.09	-8.752	8.752	-0.3495	2.913	655.1	222.3	155.3	527.6	127.5	765	534.5	66.97	230.5	146.9	20.89	3.084	128.1	0.0003375	-2.842e-14	-2.842e-14	0	-4.495	-0.6481	3.245	62.1	-4.71	125	0.3393	0.237	0.8054	0.1946	1.168	0.8159	-103700	-794300	-59.06	-9.079	9.079	-0.5523	3.724	-96490	-792400	-71.7	-8.926	8.926	-0.4245	3.06	390.4	0.9931	0.8943	-0.03613	-0.8225	-0.3492	0.04028	8881	7082	965.8	833.3	4.93	4.655	1.852	0.9343	368
3-13o	7.52	-110600	-892300	-72.78	-8.701	8.701	-0.31	3.431	704.9	220.8	148.4	580.4	124.5	760.2	510.9	72.42	249.3	147.6	21.06	4.368	131.7	0.0001424	0	0	0	-12.96	-0.6932	3.542	63.67	-7.978	127.3	0.3133	0.2106	0.8234	0.1766	1.078	0.7247	-110900	-879000	-71.69	-9.286	9.286	-0.7035	2.832	-103400	-878200	-82.93	-8.925	8.925	-0.4059	3.549	432.3	0.9756	1.275	-1.222	-0.2682	0.2462	0.1074	10570	1166	7530	1875	5.183	4.661	2.088	1.528	403.4
3-15a	6.32	-107000	-842700	-70.22	-8.696	8.696	-0.3116	2.371	683.2	228.5	154.6	550.3	132.9	786.3	532.3	73.82	254.1	139.2	20.97	0.2649	123.7	0.0003325	0	0	0	-6.538	-0.5847	3.397	60.14	-8.227	123.4	0.3344	0.2263	0.8055	0.1945	1.151	0.779	-107300	-833200	-69.92	-9.333	9.333	-0.6832	2.209	-99940	-831500	-79.29	-8.911	8.911	-0.4027	2.189	415.8	0.9819	0.6327	0.4612	0.4329	-0.01567	0.07186	10320	806.8	7209	2307	5.216	4.927	1.608	1.321	386.5
3-15b	7.03	-108500	-845600	-41.24	-8.717	8.717	-0.3317	2.9	684.5	238.1	160.4	536.6	148	1013	682.1	77.72	330.5	168.9	21.38	22.06	149.7	0.0003217	2.842e-14	2.842e-14	0	-11.32	-0.2969	3.291	62.7	-5.195	127.6	0.3479	0.2344	0.7839	0.2161	1.479	0.9965	-108800	-839400	-49.19	-9.044	9.044	-0.5341	4.016	-100600	-833900	-62.17	-8.922	8.922	-0.4154	2.813	410.7	1.002	0.8815	0.6994	0.4415	0.3049	0.07111	10270	774.8	7062	2432	5.195	4.932	1.612	1.315	379.9
3-16a	8.0	-110600	-896600	-75.95	-8.743	8.743	-0.3361	3.401	693.3	215.1	142.3	562.7	130.6	739	488.8	72.84	250.2	152	20.99	3.886	133.8	0.0004224	0	0	0	-11.29	-0.6926	3.554	63.66	-5.695	129.9	0.3103	0.2052	0.8117	0.1883	1.066	0.705	-110900	-885600	-72.76	-9.242	9.242	-0.7085	3.156	-103400	-884100	-87.1	-8.927	8.927	-0.4138	3.662	433.2	0.9804	1.204	0.9833	0.3666	0.591	0.06964	11120	818.6	8078	2227	5.317	5.006	1.639	1.321	401.4
3-16b	8.7	-110600	-890000	-76.63	-8.739	8.739	-0.3272	3.394	708.2	214.6	136.8	574.1	134.1	737.3	470	77.8	267.3	149.3	20.99	4.05	131.2	0.0003939	2.842e-14	2.842e-14	0	-11.55	-0.694	3.553	62.76	-5.672	127.1	0.303	0.1932	0.8106	0.1894	1.041	0.6637	-110900	-878600	-76.6	-9.259	9.259	-0.7148	3.053	-103400	-877900	-88.11	-8.925	8.925	-0.4112	3.506	433.9	0.9783	1.2	0.9369	0.4877	0.5695	0.06086	11590	784.8	7816	2992	5.427	5.19	1.659	1.28	402.2
3-16c	7.4	-110600	-885800	-75.84	-8.739	8.739	-0.3314	3.465	707.2	213.6	136.4	573.1	134.1	733.9	468.7	77.18	265.2	149.4	20.99	4.051	131.2	0.0003409	-5.684e-14	-5.684e-14	0	-11.56	-0.6939	3.552	62.75	-5.672	127.1	0.3021	0.1929	0.8104	0.1896	1.038	0.6628	-110900	-874600	-73.31	-9.031	9.031	-0.6485	2.074	-103400	-875700	-88.2	-8.92	8.92	-0.4082	3.561	433.7	0.9789	1.217	0.9183	0.5127	0.613	0.07292	11640	812.5	8123	2705	5.439	5.184	1.642	1.4	402
3-16d	6.8	-126300	-1022000	106.3	-10.08	10.08	-6.405	25.94	702	230.5	177.3	539.6	162.4	1128	690	53.24	437.7	167.5	21.48	4.897	141.5	0.0004129	0	0	0	-78.57	-0.5182	10.46	73.98	-5.418	136.6	0.3284	0.2526	0.7687	0.2313	1.607	0.983	-126700	-1002000	132	-9.964	9.964	-6.815	27.64	-117000	-1008000	94.02	-10.2	10.2	-6.376	25.33	437.2	1.046	6.463	1.538	5.102	-3.657	0.07482	12610	750	8573	3282	5.443	4.997	1.634	1.367	406.6
3-16e	8.4	-126300	-994000	129.4	-9.953	9.953	-6.742	29.9	720.9	233.3	186.6	532.4	188.5	1142	726.1	46.78	415.4	164.3	21.48	9.958	138.4	0.0003834	0	0	0	-77.17	-0.5178	10.46	68.71	-5.588	128.5	0.3237	0.2588	0.7385	0.2615	1.583	1.007	-126700	-983300	120.7	-10.01	10.01	-6.934	30.59	-117000	-979200	107.7	-10.15	10.15	-6.735	30.65	442.7	1.05	8.098	0.5535	6.953	-4.114	0.06161	14160	806.5	9353	4004	5.77	5.21	1.677	1.293	405.4
3-16f	7.0	-126300	-985200	108.5	-9.931	9.931	-6.711	32.21	719.6	233.4	185.1	531.4	188.2	1142	720.6	48.3	421.4	165.1	21.48	10.69	139.2	0.0003409	1.421e-14	1.421e-14	0	-75.77	-0.5177	10.47	68.38	-5.588	128.5	0.3244	0.2573	0.7385	0.2615	1.587	1.001	-126700	-975600	122.3	-10.13	10.13	-6.974	32.62	-117000	-973500	91.8	-10.15	10.15	-6.707	32.08	442.5	1.049	8.355	-0.2511	8.076	-2.128	0.0718	14340	906.8	10400	3026	5.805	5.223	1.668	1.4	405.5
3-16g	8.05	-108900	-890800	-128.4	-8.743	8.743	-0.3362	3.607	701.8	122.2	78.36	570.8	131	311.5	199.7	43.87	111.8	129.8	21.36	2.605	121.7	0.0001982	4.263e-14	4.263e-14	0	-9.48	-0.7309	4.102	61.86	-16.66	119.1	0.1742	0.1117	0.8133	0.1867	0.4439	0.2846	-109300	-879000	-117.1	-9.411	9.411	-0.7184	3.101	-102100	-880400	-130.3	-8.927	8.927	-0.4155	3.672	432.9	0.9645	1.217	0.9179	0.5123	0.6131	0.04628	11270	844.7	7536	2891	5.407	5.269	1.629	1.133	399.8
3-16h	6.74	-110600	-877200	-64.57	-8.75	8.75	-0.3398	3.618	717.5	229	165.3	582.6	134.9	788.3	569	63.71	219.3	147.1	21.05	7.491	132.1	0.0003283	0	0	0	-14.32	-0.604	3.543	59.99	-9.031	124.6	0.3192	0.2304	0.812	0.188	1.099	0.7931	-110900	-865600	-72.46	-9.283	9.283	-0.7107	3.371	-103400	-866000	-84.84	-8.934	8.934	-0.4209	3.716	436.5	0.9756	1.18	1.11	-0.04309	-0.3975	0.03775	13030	741.4	2325	9964	5.754	5.457	1.639	1.06	403.4
3-17	6.52	-107600	-861700	-86.06	-8.406	8.406	0.4393	2.199	696.3	238.4	149.6	552.9	143.4	880.9	552.9	88.76	328	147.6	20.39	3.204	128.8	0.0003336	-7.105e-15	-7.105e-15	0	-14.32	-0.7323	3.558	60.24	-4.407	125.6	0.3423	0.2149	0.794	0.206	1.265	0.7941	-108000	-852900	-80.68	-8.841	8.841	-0.04004	2.249	-100700	-855400	-88.01	-8.596	8.596	0.2943	2.82	417.8	0.9726	0.8777	0.7526	-0.3533	-0.2813	0.06939	10160	7974	930.2	1255	5.16	4.787	1.669	1.261	392.2
3-18	5.36	-99590	-789000	-14.15	-8.166	8.166	0.0035	1.58	675.4	233.8	143.8	573.1	102.3	777.8	478.5	89.98	299.3	141.3	27.78	3.289	123	0.0003434	-7.105e-15	-7.105e-15	0	-5.598	-0.6494	3.36	61.63	-12.22	119.8	0.3462	0.213	0.8486	0.1514	1.152	0.7085	-99850	-779100	-18.57	-8.459	8.459	-0.3278	1.915	-93150	-776900	-24.27	-8.424	8.424	-0.1448	1.687	405.7	0.95	0.6509	0.4454	-0.4436	0.1687	0.08595	8807	5060	1380	2367	4.922	4.411	2.136	1.293	382.6
3-9	6.82	-85050	-644300	3.354	-9.178	9.178	-0.3475	3.671	596.4	213.3	185.1	541.8	54.66	643.4	558.6	28.12	84.83	73.44	11.47	4.461	65.43	0.0001534	0	0	0	-7.065	-0.06275	2.823	14.16	-6.223	60.97	0.3576	0.3104	0.9083	0.09165	1.079	0.9366	-85220	-637300	9.42	-9.291	9.291	-0.4643	3.246	-79520	-635500	-6.077	-9.114	9.114	-0.4196	3.654	360.2	0.9465	1.334	0.9564	0.0558	0.9283	0.07643	6893	553.2	4844	1496	4.645	4.333	1.385	1.198	337.5
