__MOL_ID__	ACTIVITY	QikProp_#stars	QikProp_#amine	QikProp_#amide	QikProp_#rotor	QikProp_CNS	QikProp_mol_MW	QikProp_dipole	QikProp_SASA	QikProp_FOSA	QikProp_FISA	QikProp_PISA	QikProp_WPSA	QikProp_volume	QikProp_donorHB	QikProp_accptHB	QikProp_dip^2/V	QikProp_ACxDN^.5/SA	QikProp_glob	QikProp_QPpolrz	QikProp_QPlogPC16	QikProp_QPlogPoct	QikProp_QPlogPw	QikProp_QPlogPo/w	QikProp_QPlogS	QikProp_CIQPlogS	QikProp_QPlogHERG	QikProp_QPPCaco	QikProp_QPlogBB	QikProp_QPPMDCK	QikProp_QPlogKp	QikProp_IP(eV)	QikProp_EA(eV)	QikProp_#metab	QikProp_QPlogKhsa	QikProp_HumanOralAbsorption	QikProp_PercentHumanOralAbsorption	QikProp_SAfluorine	QikProp_SAamideO	QikProp_PSA	QikProp_#NandO	QikProp_RuleOfFive	QikProp_#ringatoms	QikProp_#in34	QikProp_#in56	QikProp_#noncon	QikProp_#nonHatm	QikProp_RuleOfThree	QikProp_ACxDN^.5/SAxSASA/MW
1-1	6.25	0	1	0	6	1	322.449	4.625	662.517	223.294	52.872	386.351	0	1147.044	1	4.5	0.0186448	0.0067923	0.7998734	39.588	12.199	16.861	8.875	4.189	-4.474	-3.677	-7.339	778.78	0.049	417.697	-2.619	9.267	0.237	2	0.599	3	100	0	0	42.207	3	0	18	0	18	5	24	0	0.0139557
1-10	7.52	0	1	0	5	1	348.444	2.524	656.553	207.269	90.054	359.229	0	1161.57	0	5	0.0054862	0	0.8139402	40.552	12.173	16.069	8.177	3.709	-4.007	-4.04	-6.982	345.793	-0.246	173.678	-3.496	9.219	1.162	2	0.44	3	94.1	0	0	64.456	4	0	21	0	21	5	26	0	0
1-11	4.57	1	1	0	3	0	365.388	5.322	634.256	155.529	176.963	301.763	0	1116.258	0	6	0.0253724	0	0.8204965	39.474	11.946	16.922	9.75	2.257	-3.387	-3.936	-6.602	51.839	-0.971	22.332	-5.492	9.467	2.119	3	0.126	3	70.851	0	0	104.97	7	0	21	0	21	5	27	0	0
1-12	5.52	1	1	0	5	-2	379.415	4.7	652.068	173.131	177.467	301.47	0	1166.254	0	6	0.0189429	0	0.8217398	40.188	12.425	17.039	9.353	2.608	-3.399	-4.234	-6.58	51.272	-1.091	22.068	-5.311	9.385	2.147	3	0.186	3	72.817	0	0	104.901	7	0	21	0	21	5	28	0	0
1-13	7.9	1	1	0	6	-2	393.441	5.219	695.337	207.269	186.77	301.299	0	1234.26	0	6	0.0220671	0	0.8002777	42.266	13.158	17.753	9.299	2.959	-4.056	-4.532	-6.927	41.847	-1.344	17.718	-5.387	9.338	2.134	3	0.341	3	73.293	0	0	109.014	7	0	21	0	21	5	29	0	0
1-14	6.36	1	1	0	7	-2	423.468	5.119	720.239	287.062	186.766	246.41	0	1294.733	0	6.75	0.0202357	0	0.7976436	43.52	13.35	18.457	9.503	2.924	-3.972	-4.822	-6.708	41.85	-1.417	17.719	-5.484	9.061	2.129	4	0.274	3	73.089	0	0	117.43	8	0	21	0	21	5	31	0	0
1-15	6.62	1	1	0	6	-2	427.886	6.392	719.521	207.261	186.77	253.766	71.724	1278.658	0	6	0.0319498	0	0.7918163	43.589	13.773	18.607	9.059	3.466	-4.827	-5.263	-6.837	41.847	-1.21	43.784	-5.554	9.389	2.149	3	0.47	3	76.265	0	0	109.014	7	0	21	0	21	5	30	0	0
1-16	5.17	1	1	0	4	-2	317.344	5.347	586.683	281.39	191.481	113.812	0	1014.504	0	6	0.0281817	0	0.8322695	32.965	9.751	14.432	8.235	1.273	-2.323	-2.556	-5.515	37.756	-1.122	15.853	-6.326	9.372	2.14	2	-0.212	3	62.623	0	0	109.656	7	0	15	0	15	5	23	0	0
1-17	8.06	0	1	0	6	0	363.458	5.429	672.266	207.257	151.41	313.598	0	1191.067	1.5	6	0.0247502	0.0109309	0.8083169	40.655	12.911	19.273	11.283	3.01	-4.107	-4.082	-6.855	90.569	-0.945	40.818	-4.692	8.679	0.88	3	0.413	3	79.598	0	0	90.707	5	0	21	0	21	5	27	0	0.0202182
1-18	8.55	0	1	0	6	-2	405.496	5.896	747.668	302.287	147.041	298.34	0	1322.305	1	7.5	0.0262898	0.0100312	0.7792507	45.761	13.991	21.027	12.077	3.219	-4.863	-4.34	-7.253	99.634	-1.014	45.251	-4.665	9.217	1.15	2	0.446	3	81.561	0	0	101.543	6	0	21	0	21	5	30	0	0.0184959
1-19	8.92	1	1	0	7	0	467.566	6.311	835.239	207.259	132.161	495.819	0	1495.829	1	7.5	0.0266271	0.0089795	0.757313	53.949	17.063	24.051	13.309	4.639	-6.255	-5.958	-8.55	137.884	-0.996	64.29	-3.599	9.209	1.148	2	0.862	1	92.399	0	0	97.831	6	0	27	0	27	5	35	1	0.0160406
1-2	6.77	0	1	0	6	1	336.476	4.034	654.815	255.6	35.742	363.473	0	1167.939	0	5	0.0139353	0	0.8190807	40.205	11.879	15.79	7.612	4.089	-3.952	-3.606	-6.919	1132.037	0.245	625.816	-2.384	9.207	0.194	2	0.416	3	100	0	0	32.529	3	0	18	0	18	5	25	0	0
1-20	8.1	0	1	0	6	1	378.47	3.709	681.402	287.061	90.017	304.324	0	1221.933	0	5.75	0.0112552	0	0.8111975	41.801	12.362	16.875	8.381	3.656	-3.923	-4.33	-6.764	346.077	-0.312	173.832	-3.593	9.203	1.109	3	0.372	3	93.801	0	0	72.844	5	0	21	0	21	5	28	0	0
1-21	8.66	3	1	0	8	-2	481.593	6.355	870.603	241.714	134.556	494.334	0	1563.31	1	7.5	0.0258319	0.0086147	0.7482408	55.994	17.785	24.702	13.179	5.044	-6.726	-6.244	-8.689	130.86	-1.122	60.758	-3.552	9.22	1.448	3	0.999	1	81.41	0	0	101.047	6	1	27	0	27	5	36	1	0.0155733
1-22	8.62	1	1	0	7	0	452.552	2.709	791.44	207.263	131.491	452.686	0	1436.826	0	7	0.0051057	0	0.7780663	51.176	15.831	21.078	10.948	4.353	-5.191	-5.683	-8.008	139.919	-0.908	65.316	-3.739	9.257	1.5	2	0.619	3	90.84	0	0	90.748	5	0	27	0	27	5	34	0	0
1-23	8.05	1	1	0	6	-2	393.441	5.567	685.222	207.269	160.118	317.835	0	1221.42	0	6	0.025369	0	0.8064488	41.91	12.953	17.591	9.206	3.079	-3.864	-4.532	-6.906	74.885	-1.041	33.234	-4.837	9.286	1.793	3	0.304	3	78.52	0	0	101.513	7	0	21	0	21	5	29	0	0
1-24	7.96	0	1	0	6	0	363.458	4.303	668.299	207.262	137.371	323.666	0	1186.767	1	5	0.0156036	0.0074817	0.8111567	40.579	12.726	17.811	9.53	3.527	-4.313	-4.491	-6.857	123.058	-0.792	56.852	-4.398	8.599	0.965	4	0.611	3	85.005	0	0	88.41	5	0	21	0	21	5	27	0	0.0137568
1-25	6.47	1	1	0	7	0	467.566	4.538	819.089	207.27	113.698	498.121	0	1483.275	0	6.5	0.0138831	0	0.7679181	53.469	16.524	21.679	10.71	5.076	-5.976	-6.234	-8.389	206.347	-0.745	99.401	-3.251	9.199	1.157	3	0.888	3	85.134	0	0	95.425	6	1	27	0	27	5	35	1	0
1-26	7.89	0	1	0	5	1	349.432	2.428	648.437	207.284	113.14	328.012	0	1146.643	0	6	0.0051431	0	0.8170518	39.657	11.972	16.363	9.087	2.928	-3.33	-3.597	-6.783	208.876	-0.469	100.719	-4.032	9.246	1.425	3	0.129	3	85.61	0	0	76.403	5	0	21	0	21	5	26	0	0
1-29	5.96	0	1	0	5	1	346.471	3.419	664.56	207.404	36.676	420.479	0	1179.068	0	5	0.0099135	0	0.8121887	41.837	12.397	16.412	8.25	4.264	-4.159	-4.058	-7.302	1109.168	0.29	612.162	-2.297	8.596	0.336	2	0.491	3	100	0	0	32.538	3	0	22	0	22	5	26	0	0
1-31a	6.0	0	1	0	5	1	348.487	3.95	670.504	282.971	36.397	351.136	0	1197.482	0	5	0.0130291	0	0.8133477	41.912	12.08	16.377	7.791	4.305	-4.272	-3.971	-6.953	1115.945	0.294	616.206	-2.536	9.223	0.207	3	0.544	3	100	0	0	32.59	3	0	22	0	22	7	26	0	0
1-31b	7.77	0	1	1	5	1	348.487	3.898	675.102	280.269	40.865	353.968	0	1199.343	0	5	0.0126694	0	0.8086454	42.014	12.154	16.416	10.044	3.664	-3.378	-3.331	-5.668	588.113	0.244	554.539	-2.608	9.22	-0.025	4	0.228	3	100	0	29.625	33.336	3	0	22	0	22	7	26	0	0
1-31c	5.8	1	2	0	5	2	334.503	1.35	669.757	311.58	4.824	353.354	0	1189.056	0	4	0.0015322	0	0.8104312	41.596	11.796	15.402	6.604	4.431	-3.562	-3.025	-7.737	554.572	1.01	320.154	-4.009	9.201	-0.341	5	0.788	3	100	0	0	10.863	2	0	22	0	22	8	25	0	0
1-31d	7.64	0	1	0	5	1	362.471	3.971	673.55	247.606	72.966	352.978	0	1199.998	0	5	0.0131436	0	0.8108028	42.03	12.378	16.595	8.059	4.07	-4.329	-4.333	-7.003	502.185	-0.079	259.955	-3.203	9.144	0.724	3	0.552	3	100	0	0	58.166	4	0	22	0	22	6	27	0	0
1-34	5.92	0	1	0	5	1	347.459	2.371	660.481	207.792	59.748	392.941	0	1168.4	0	6	0.0048112	0	0.8122675	41.147	12.263	16.708	9.195	3.515	-3.558	-3.615	-7.17	670.209	0.057	355.127	-2.819	8.929	0.624	3	0.193	3	100	0	0	44.833	4	0	22	0	22	5	26	0	0
1-35	6.1	0	1	0	5	1	349.475	4.877	665.832	247.869	61.463	356.499	0	1181.215	1	6	0.0201362	0.0090113	0.8116211	41.312	12.369	18.38	10.436	3.607	-4.159	-3.809	-7.006	645.568	0.039	341.035	-2.979	8.649	0.082	4	0.436	3	100	0	0	47.958	4	0	22	0	22	6	26	0	0.0171686
1-37	8.38	0	1	0	5	1	363.458	4.641	668.433	203.693	101.453	363.287	0	1181.949	1	5.5	0.018223	0.0082282	0.8087974	41.406	12.708	18.315	10.268	3.571	-4.392	-4.352	-7.085	269.603	-0.373	132.712	-3.692	9.13	0.669	3	0.538	3	91.358	0	0	71.352	5	0	22	0	22	5	27	0	0.0151324
1-38	7.89	0	1	0	5	1	349.475	3.49	668.334	234.442	68.343	365.55	0	1182.384	1	4	0.010302	0.005985	0.8091149	41.445	12.494	17.251	8.581	4.455	-4.951	-4.596	-7.09	555.526	-0.035	289.925	-3.074	8.67	0.009	4	0.843	3	100	0	0	46.557	4	0	22	0	22	6	26	0	0.0114457
1-39	8.35	0	1	0	5	1	397.903	2.446	692.526	203.691	101.436	315.838	71.561	1226.223	1	5.5	0.0048777	0.0079419	0.8000339	42.725	13.314	18.848	10.028	3.976	-5.131	-5.052	-7	269.699	-0.22	327.409	-3.859	9.156	0.912	3	0.654	3	93.734	0	0	71.345	5	0	22	0	22	5	28	0	0.0138224
1-3a	7.46	1	1	0	7	1	398.547	5.313	793.041	172.087	30.886	590.069	0	1386.768	0	5	0.0203525	0	0.7583538	50.485	15.735	19.573	9.232	5.858	-6.268	-5.284	-8.982	1258.653	0.182	701.805	-1.401	8.633	0.405	3	1.009	1	100	0	0	29.239	3	1	24	0	24	5	30	1	0
1-3b	6.23	1	1	0	8	1	428.573	6.342	803.344	252.05	30.869	520.424	0	1441.764	0	5.75	0.0278984	0	0.7682921	51.379	15.705	20.315	9.301	5.77	-5.908	-5.574	-8.489	1259.117	0.131	702.084	-1.55	8.602	0.322	4	0.926	3	100	0	0	37.625	4	1	24	0	24	5	32	1	0
1-3c	7.74	2	1	0	7	1	416.537	4.257	801.971	172.101	30.88	552.212	46.778	1402.759	0	5	0.0129193	0	0.7556634	50.763	15.338	19.729	9.013	6.096	-6.641	-5.666	-8.845	1258.817	0.294	1266.27	-1.534	8.736	0.682	3	1.055	1	100	46.778	0	29.233	3	1	24	0	24	5	31	1	0
1-3d	8.27	2	1	0	8	-2	443.544	5.919	831.86	172.082	127.644	532.135	0	1459.496	0	6	0.0240039	0	0.7480265	52.2	16.788	21.08	10.354	5.108	-6.317	-5.776	-8.873	152.18	-1.041	71.524	-3.292	8.981	1.633	4	0.91	1	82.953	0	0	73.81	6	1	24	0	24	5	33	1	0
1-3e	7.19	1	1	0	7	1	399.535	4.306	761.452	172.133	57.061	532.258	0	1348.091	0	6.5	0.0137561	0	0.7750596	48.385	15.045	19.666	10.419	4.626	-4.884	-4.609	-8.436	710.701	-0.093	378.374	-2.087	8.783	0.666	5	0.496	3	100	0	0	41.484	4	0	24	0	24	5	30	0	0
1-3f	5.03	0	1	0	7	1	404.594	5.004	744.632	378.287	20.212	346.133	0	1367.531	0	5	0.0183085	0	0.8001683	47.385	13.55	18.21	7.384	5.52	-5.351	-5.024	-7.142	1589.006	0.33	902.864	-2.063	8.627	-0.249	4	0.953	3	100	0	0	26.385	3	1	24	0	24	11	30	0	0
1-3g	7.28	0	1	0	6	1	336.476	5.114	643.07	258.401	38.425	346.244	0	1152.424	0	5	0.0226958	0	0.8266375	39.42	11.63	15.645	7.485	4.031	-3.912	-3.606	-6.715	1067.617	0.226	587.413	-2.495	8.659	-0.241	3	0.371	3	100	0	0	30.669	3	0	18	0	18	5	25	0	0
1-3h	6.08	0	1	0	7	1	350.503	4.967	696.343	299.829	30.052	366.462	0	1238.521	0	5	0.0199165	0	0.8009596	42.417	12.551	16.535	7.473	4.292	-4.435	-3.904	-7.226	1281.788	0.228	715.758	-2.173	9.136	-0.195	4	0.579	3	100	0	0	30.801	3	0	18	0	18	5	26	0	0
1-3i	7.34	0	1	0	7	1	366.502	4.687	690.225	335.935	42.705	311.584	0	1241.332	0	5.75	0.0176975	0	0.8092818	42.005	12.265	16.776	7.91	4.11	-3.929	-3.896	-6.83	972.357	0.105	530.971	-2.599	9.047	-0.139	4	0.386	3	100	0	0	41.776	4	0	18	0	18	5	27	0	0
1-3j	6.15	0	1	0	7	1	366.502	6.397	668.059	338.214	38.432	291.413	0	1212.984	0	5.75	0.0337374	0	0.8233544	40.678	11.812	16.526	7.69	3.985	-3.645	-3.896	-6.506	1067.462	0.162	587.32	-2.592	8.33	-0.221	3	0.304	3	100	0	0	39.094	4	0	18	0	18	5	27	0	0
1-3k	7.19	0	1	0	6	1	354.466	7.389	653.575	258.411	38.416	309.923	46.825	1169.868	0	5	0.0466742	0	0.8215372	39.771	11.235	16.256	7.279	4.128	-4.263	-3.988	-6.624	1067.827	0.336	1060.582	-2.622	8.91	-0.028	3	0.422	3	100	46.825	0	30.666	3	0	18	0	18	5	26	0	0
1-3l	6.69	0	1	0	6	1	354.466	6.875	652.02	258.39	38.416	308.405	46.809	1168.475	0	5	0.040456	0	0.8228431	39.701	11.211	16.148	7.265	4.16	-4.157	-3.988	-6.596	1067.824	0.337	1060.363	-2.628	8.807	-0.015	2	0.418	3	100	46.809	0	30.673	3	0	18	0	18	5	26	0	0
1-3m	4.92	1	1	0	7	2	322.492	2.075	655.096	305.374	1.516	348.206	0	1166.212	0	3	0.0036916	0	0.817922	39.348	11.514	14.036	5.085	5.313	-4.701	-4.237	-6.865	2390.15	0.525	1403.662	-1.711	7.966	-0.326	5	0.904	3	100	0	0	7.08	2	1	18	0	18	5	24	0	0
1-3n	6.97	0	1	0	6	1	337.464	6.436	658.373	256.453	68.837	333.082	0	1167.661	0	6.5	0.0354738	0	0.8145249	39.904	11.897	16.886	9.116	3.468	-3.094	-2.931	-6.848	549.561	-0.091	286.561	-3.101	9.397	0.091	4	0.014	3	96.294	0	0	45.605	4	0	18	0	18	5	25	0	0
1-3o	6.18	0	1	1	5	1	274.405	4.055	582.21	350.513	44.211	187.486	0	1013.099	0	5	0.0162342	0	0.8378902	32.97	9.231	13.105	8.743	2.231	-1.603	-1.288	-4.401	542.288	0.241	512.436	-3.256	9.213	-0.329	2	-0.312	3	88.943	0	30.065	34.427	3	0	12	0	12	5	20	0	0
1-40	6.57	0	1	1	5	1	300.443	4.141	612.655	386.017	39.151	187.487	0	1079.577	0	5	0.0158828	0	0.830714	35.631	9.825	13.998	8.756	2.699	-2.192	-1.941	-4.517	609.532	0.282	577.427	-3.163	9.207	-0.333	3	-0.119	3	92.596	0	29.715	33.14	3	0	18	0	18	9	22	0	0
1-9	7.01	0	1	0	5	1	334.46	4.201	655.162	248.451	46.536	360.175	0	1157.635	0	5	0.0152465	0	0.8138251	40.404	11.835	15.935	7.884	3.985	-3.981	-3.678	-6.988	894.342	0.192	485.077	-2.691	9.263	0.313	3	0.429	3	100	0	0	36.218	3	0	21	0	21	6	25	0	0
2-12	4.34	1	2	0	7	2	308.466	0.768	658.727	256.428	13.373	388.925	0	1143.134	1	3.5	0.0005156	0.0053133	0.8026465	38.814	11.898	15.587	7.409	4.293	-3.418	-2.731	-8.032	460.13	0.8	261.652	-3.849	9.225	-0.327	4	0.749	3	100	0	0	19.051	2	0	18	0	18	5	23	0	0.0113465
2-14	6.89	0	1	0	7	1	350.503	4.253	680.72	277.884	35.064	367.773	0	1216.318	0	5	0.01487	0	0.8095202	41.541	12.371	16.216	7.478	4.359	-4.191	-3.904	-7.094	1148.913	0.183	635.906	-2.261	9.218	0.093	2	0.514	3	100	0	0	31.75	3	0	18	0	18	5	26	0	0
2-15	6.03	1	1	0	8	1	412.574	4.66	775.421	193.169	28.551	553.701	0	1411.232	0	5	0.0153882	0	0.7846805	50.475	15.543	19.537	8.706	5.991	-5.772	-5.582	-8.383	1324.485	0.171	741.563	-1.39	9.338	0.123	3	1.038	3	100	0	0	29.945	3	1	24	0	24	5	31	1	0
2-21	9.22	1	1	0	9	1	490.659	3.106	854.375	287.063	93.222	474.09	0	1562.908	0	9	0.0061723	0	0.7623226	55.142	16.995	23.298	12.514	4.491	-5.011	-5.385	-8.365	322.68	-0.65	161.165	-2.766	9.267	0.882	3	0.365	3	100	0	0	67.398	5	0	24	0	24	5	35	0	0
2-22	9.52	1	1	0	10	0	504.686	8.299	880.286	309.343	92.545	478.398	0	1611.294	0	9	0.0427398	0	0.7550769	56.478	17.533	24.213	12.38	4.817	-5.339	-5.683	-8.503	327.491	-0.723	163.763	-2.642	9.282	0.801	3	0.463	3	87.208	0	0	66.618	5	1	24	0	24	5	36	0	0
2-23	9.22	4	1	0	10	0	552.73	4.344	988.544	203.55	88.359	696.635	0	1781.278	0	9	0.0105921	0	0.7188805	65.365	21.066	27.046	14.097	6.21	-7.39	-7.063	-10.129	358.832	-0.781	180.767	-1.796	8.794	1.028	4	0.957	1	83.12	0	0	64.106	5	2	30	0	30	5	40	1	0
2-24	4.59	1	1	0	4	1	246.352	3.696	516.405	276.621	63.796	175.988	0	888.333	1	4.5	0.0153753	0.0087141	0.8654156	28.509	8.396	12.885	7.608	2.223	-2.246	-1.807	-5.275	613.505	0.153	322.765	-3.754	9.29	0.199	0	0.016	3	89.86	0	0	42.618	3	0	12	0	12	5	18	0	0.0182666
2-25	6.11	0	1	0	6	1	350.503	3.967	678.502	315.918	34.372	328.212	0	1220.292	0	5	0.0128945	0	0.813935	41.964	12.12	16.323	7.42	4.189	-4.359	-3.904	-6.834	1166.415	0.255	646.383	-2.483	9.232	0.2	3	0.568	3	100	0	0	30.768	3	0	18	0	18	5	26	0	0
2-26	6.84	0	1	0	6	1	350.503	4.24	686.345	343.475	35.742	307.128	0	1226.962	0	5	0.0146536	0	0.8075638	42.029	12.052	16.318	7.305	4.194	-4.421	-3.904	-6.837	1132.035	0.235	625.815	-2.583	9.182	0.191	3	0.588	3	100	0	0	32.529	3	0	18	0	18	5	26	0	0
2-27	4.39	0	1	0	6	1	350.503	4.333	686.344	343.474	35.742	307.128	0	1226.962	0	5	0.0152988	0	0.8075643	42.029	12.052	16.327	7.305	4.194	-4.421	-3.904	-6.837	1132.037	0.235	625.816	-2.583	9.168	0.191	3	0.588	3	100	0	0	32.529	3	0	18	0	18	5	26	0	0
2-28	4.85	0	1	0	7	1	381.474	7.109	682.668	250.771	103.714	328.183	0	1227.455	0	6	0.0411769	0	0.8121309	41.608	12.678	17.431	8.666	3.521	-3.653	-4.098	-6.863	256.616	-0.508	125.816	-3.665	9.26	1.037	3	0.279	3	90.68	0	0	69.361	6	0	18	0	18	5	28	0	0
2-29	6.43	0	1	0	7	0	381.474	6.145	693.692	255.599	132.58	305.513	0	1240.757	0	6	0.0304351	0	0.8049883	41.924	12.858	17.475	8.734	3.381	-3.862	-4.098	-6.871	136.629	-0.824	63.658	-4.277	9.395	1.119	3	0.318	3	84.964	0	0	77.171	6	0	18	0	18	5	28	0	0
2-30	5.48	0	1	0	7	0	381.474	5.447	693.692	255.6	132.581	305.512	0	1240.757	0	6	0.0239091	0	0.8049879	41.924	12.858	17.385	8.734	3.381	-3.862	-4.098	-6.871	136.627	-0.824	63.657	-4.277	9.407	1.142	3	0.318	3	84.964	0	0	77.172	6	0	18	0	18	5	28	0	0
2-31	4.89	0	1	0	7	1	350.503	4.127	696.251	289.104	37.153	369.994	0	1237.404	0	5	0.0137623	0	0.8005845	42.406	12.617	16.486	7.545	4.524	-4.433	-3.904	-7.249	1097.695	0.154	605.321	-2.291	9.257	0.203	2	0.575	3	100	0	0	32.606	3	0	18	0	18	5	26	0	0
2-32	4.27	0	1	0	7	1	362.514	4.046	719.965	294.367	37.544	388.053	0	1278.384	0	5	0.0128031	0	0.7912156	44.218	13.161	17.109	7.728	4.834	-4.883	-4.159	-7.487	1088.343	0.14	599.749	-2.235	9.11	0.199	2	0.694	3	100	0	0	32.567	3	0	18	0	18	5	27	0	0
2-33	4.28	1	0	0	5	0	350.46	4.502	649.419	225.671	73.452	350.295	0	1162.868	0	6	0.0174262	0	0.8234946	40.519	12.004	16.702	8.971	3.861	-4.568	-4.487	-6.059	1992.286	-0.46	1042.111	-1.159	9.297	0.279	0	0.177	3	100	0	0	53.667	4	0	18	0	18	5	26	0	0
2-34	4.42	0	1	0	6	1	300.443	4.055	621.463	407.937	37.538	175.988	0	1094.116	0	5	0.0150302	0	0.8262765	35.461	9.867	13.855	6.269	3.417	-3.18	-2.287	-5.908	1088.495	0.234	599.839	-3.078	9.224	0.196	1	0.202	3	100	0	0	32.505	3	0	15	3	12	8	22	0	0
2-35	6.39	0	1	0	6	1	342.523	4.053	685.52	474.973	35.036	175.512	0	1226.431	0	5	0.0133935	0	0.8083015	40.751	11.113	15.639	6.402	4.261	-4.394	-3.346	-6.197	1149.625	0.243	636.332	-3.033	9.205	0.219	1	0.586	3	100	0	0	30.879	3	0	18	0	18	11	25	0	0
2-36	4.62	0	1	0	6	1	394.599	4.075	711.536	501.046	35.042	175.448	0	1318.559	0	5	0.0125949	0	0.817274	44.438	11.953	16.988	6.465	4.898	-4.887	-4.432	-6.052	1149.464	0.251	636.236	-3.034	9.187	0.218	1	0.854	3	100	0	0	30.205	3	0	22	0	22	15	29	0	0
2-3b	6.0	0	1	0	6	1	336.476	4.379	681.982	291.27	41.347	349.365	0	1189.794	1	4.5	0.0161169	0.0065984	0.796233	40.945	12.278	17.18	8.592	4.345	-4.563	-3.96	-7.221	1001.637	0.166	548.274	-2.537	9.286	0.2	3	0.715	3	100	0	0	38.133	3	0	18	0	18	5	25	0	0.0133739
2-3c	6.33	0	1	0	6	1	336.476	4.354	694.026	311.126	52.872	330.028	0	1206.034	1	4.5	0.0157222	0.0064839	0.7895183	41.411	12.394	17.339	8.567	4.345	-4.632	-3.96	-7.238	778.783	0.035	417.7	-2.818	9.262	0.206	3	0.757	3	100	0	0	42.207	3	0	18	0	18	5	25	0	0.0133739
2-3d	6.74	0	1	0	6	1	336.476	4.817	693.989	311.084	52.872	330.033	0	1205.993	1	4.5	0.0192417	0.0064842	0.7895425	41.409	12.394	17.386	8.567	4.345	-4.632	-3.96	-7.238	778.78	0.035	417.697	-2.818	9.26	0.213	3	0.757	3	100	0	0	42.207	3	0	18	0	18	5	25	0	0.0133738
2-3e	6.06	0	1	0	7	0	367.447	9.785	693.681	222.458	119.417	351.806	0	1209.141	1	5.5	0.0791932	0.0079287	0.7912675	41.101	13.043	18.981	9.932	3.804	-4.486	-4.193	-7.313	182.126	-0.731	86.852	-3.872	9.249	1.268	3	0.519	3	89.677	0	0	78.331	6	0	18	0	18	5	27	0	0.0149681
2-3f	6.64	0	1	0	7	-2	367.447	10.356	701.376	223.294	149.673	328.409	0	1219.818	1	5.5	0.0879183	0.0078417	0.7871864	41.305	13.205	19.269	9.997	3.637	-4.587	-4.193	-7.268	94.071	-1.07	42.526	-4.512	9.371	1.365	3	0.546	3	83.56	0	0	86.791	6	0	18	0	18	5	27	0	0.0149681
2-3g	7.26	0	1	0	7	-2	367.447	7.308	701.339	223.295	149.631	328.414	0	1219.777	1	5.5	0.0437897	0.0078421	0.7872101	41.303	13.204	18.663	9.997	3.637	-4.587	-4.193	-7.268	94.157	-1.07	42.568	-4.511	9.388	1.554	3	0.546	3	83.568	0	0	86.778	6	0	18	0	18	5	27	0	0.0149681
2-3h	7.06	0	1	0	7	1	352.475	6.059	687.396	303.082	52.821	331.493	0	1207.419	1	5.25	0.0304075	0.0076375	0.797743	40.838	12.401	17.749	9.079	4.229	-4.457	-3.989	-7.112	779.644	-0.013	418.198	-2.716	9.238	0.153	3	0.568	3	100	0	0	50.579	4	0	18	0	18	5	26	0	0.0148946
2-3i	6.92	0	1	0	7	0	350.46	2.1	697.426	242.075	128.424	326.927	0	1214.62	1	6.5	0.0036305	0.00932	0.7893946	41.083	12.989	18.476	10.818	3.134	-4.201	-3.457	-7.225	149.608	-0.834	70.219	-4.125	9.304	0.947	2	0.328	3	84.225	0	0	78.862	4	0	18	0	18	5	26	0	0.0185471
2-3j	6.74	0	1	0	6	1	356.894	4.439	686.649	223.289	52.858	338.856	71.646	1191.359	1	4.5	0.0165392	0.0065536	0.7915144	40.908	12.814	17.549	8.635	4.452	-4.843	-4.375	-7.248	779.014	0.214	1031.523	-2.787	9.292	0.516	2	0.717	3	100	0	0	42.199	3	0	18	0	18	5	25	0	0.0126088
2-3k	7.07	0	1	0	6	1	340.44	4.449	671.428	223.287	52.847	348.515	46.779	1163.023	1	4.5	0.0170194	0.0067021	0.7965704	39.866	11.788	17.097	8.655	4.341	-4.639	-4.041	-7.212	779.198	0.16	753.997	-2.752	9.303	0.546	2	0.642	3	100	46.779	0	42.191	3	0	18	0	18	5	25	0	0.0132181
2-3l	7.29	0	1	0	7	1	364.486	7.356	724.217	305.299	103.648	315.27	0	1265.967	1	6.5	0.0427423	0.0089752	0.7814678	43.026	13.253	19.528	10.634	3.612	-4.674	-3.737	-7.298	256.982	-0.591	126.01	-3.71	9.313	0.9	2	0.462	3	91.226	0	0	70.392	4	0	18	0	18	5	27	0	0.0178333
2-3m	7.54	2	1	0	9	0	476.632	6.251	862.068	254.758	110.347	496.962	0	1542.004	1	8.5	0.0253444	0.00986	0.7487681	54.524	17.427	24.567	13.776	4.644	-6.002	-5.551	-8.693	222.013	-0.893	107.582	-3.001	9.33	0.918	3	0.681	3	96.135	0	0	77.075	5	0	24	0	24	5	34	1	0.0178334
2-3n	6.1	0	1	0	6	1	323.437	3.884	663.703	227.562	72.159	363.982	0	1139.308	1	5.5	0.0132435	0.0082868	0.7948507	39.065	12.106	17.18	9.842	3.499	-3.858	-3.309	-7.314	511.108	-0.161	264.952	-3.054	9.233	0.498	3	0.374	3	95.908	0	0	54.122	4	0	18	0	18	5	24	0	0.0170048
2-3o	7.16	0	1	0	6	1	323.437	2.888	655.5	223.349	79.153	352.997	0	1133.655	1	6	0.0073554	0.0091533	0.8021332	38.733	12.016	17.299	10.287	3.315	-3.616	-3.115	-7.143	438.726	-0.22	224.638	-3.221	9.29	0.574	4	0.262	3	93.645	0	0	54.472	4	0	18	0	18	5	24	0	0.0185507
2-3p	7.41	0	1	0	6	1	323.437	4.482	655.549	223.425	79.281	352.844	0	1133.826	1	6	0.0177181	0.0091526	0.8021541	38.739	12.017	17.444	10.287	3.315	-3.616	-3.115	-7.142	437.505	-0.221	223.962	-3.224	9.316	0.517	4	0.262	3	93.623	0	0	54.581	4	0	18	0	18	5	24	0	0.0185507
2-3r	5.8	0	1	1	6	1	328.497	4.694	686.21	455.462	43.261	187.487	0	1200.187	1	4.5	0.0183562	0.0065578	0.7959285	39.815	11.252	16.564	9.319	3.692	-4.115	-2.769	-5.08	614.299	0.145	524.053	-3.143	9.267	-0.327	3	0.422	3	100	0	24.394	40.58	3	0	18	0	18	11	24	0	0.0136988
2-9	6.28	0	1	0	7	1	321.461	3.189	659.654	239.834	39.428	380.392	0	1155.545	0	4	0.0088022	0	0.80731	39.229	11.911	14.799	6.558	4.413	-4.264	-3.751	-7.19	1044.5	0.137	573.677	-2.297	9.17	0.465	3	0.605	3	100	0	0	31.044	2	0	18	0	18	5	24	0	0
3-12a	7.89	0	1	0	6	1	377.482	4.777	677.628	366.725	54.357	256.546	0	1221.058	0	5.5	0.0186864	0	0.8153256	41.31	11.761	16.432	7.559	3.98	-3.982	-4.36	-6.47	753.926	0.055	403.308	-3.104	8.844	0.566	6	0.437	3	100	0	0	51.666	4	0	21	0	21	6	28	0	0
3-13a	4.3	0	0	0	5	0	393.482	5.696	682.214	353.243	85.572	243.399	0	1232.21	0	6.5	0.0263295	0	0.8147681	42.273	11.994	17.582	8.898	3.861	-4.928	-5.219	-5.69	1529.039	-0.597	782.861	-1.759	8.937	0.505	4	0.244	3	100	0	0	71.445	5	0	21	0	21	7	29	0	0
3-13b	5.27	0	1	0	4	1	289.374	5.029	536.996	400.652	76.522	59.822	0	944.512	1	5	0.0267795	0.0093111	0.86696	29.648	8.221	13.603	7.446	2.145	-2.414	-2.514	-4.696	464.666	0.042	239.028	-4.398	8.877	0.434	4	0.072	3	87.242	0	0	60.535	4	0	15	0	15	7	21	0	0.0172788
3-13c	5.68	0	1	0	4	1	333.472	4.1	642.171	253.402	38.213	350.556	0	1144.742	0	4	0.0146875	0	0.8241119	40.438	11.585	15.413	6.967	4.434	-4.421	-4.052	-6.776	1072.574	0.346	590.362	-2.667	9.226	0.387	4	0.701	3	100	0	0	30.413	2	0	22	0	22	8	25	0	0
3-13d	4.82	0	1	0	4	2	347.499	3.438	650.509	289.291	27.967	333.25	0	1182.151	0	4	0.0099965	0	0.831178	41.77	11.745	15.775	6.799	4.729	-4.579	-4.045	-6.579	1341.48	0.451	751.853	-2.54	9.178	0.098	4	0.81	3	100	0	0	25.386	2	0	23	0	18	9	26	0	0
3-13e_E2020	8.24	0	1	0	6	1	379.498	4.31	675.463	379.692	48.466	247.305	0	1224.143	0	5.5	0.0151726	0	0.8193162	41.345	11.679	16.369	7.45	4.03	-3.941	-4.338	-6.361	857.426	0.119	463.472	-3.028	8.871	0.427	6	0.446	3	100	0	0	50.444	4	0	21	0	21	7	28	0	0
3-13f	7.09	0	1	0	5	1	349.472	5.746	650.324	299.786	48.531	302.006	0	1165.459	0	4.75	0.0283297	0	0.823569	40.161	11.512	15.851	7.244	4.076	-4.02	-4.048	-6.553	856.208	0.184	462.76	-2.933	9.209	0.503	5	0.518	3	100	0	0	42.369	3	0	21	0	21	7	26	0	0
3-13g	8.19	0	1	0	5	1	349.472	3.446	650.118	299.776	48.472	301.87	0	1165.08	0	4.75	0.0101895	0	0.8236512	40.145	11.507	15.596	7.243	4.074	-4.016	-4.048	-6.551	857.312	0.184	463.405	-2.932	9.242	0.378	5	0.517	3	100	0	0	42.336	3	0	21	0	21	7	26	0	0
3-13h	7.92	0	1	0	5	1	349.472	4.741	655.482	300.001	48.535	306.947	0	1168.757	0	4.75	0.0192355	0	0.8186287	40.34	11.579	15.779	7.29	4.103	-4.118	-4.048	-6.657	856.145	0.178	462.723	-2.915	9.221	0.504	5	0.528	3	100	0	0	42.081	3	0	21	0	21	7	26	0	0
3-13i	7.07	0	1	0	6	1	379.498	6.264	684.069	383.187	34.874	266.008	0	1237.58	0	5.5	0.0317022	0	0.8149184	42.062	11.846	16.796	7.506	4.234	-4.104	-4.338	-6.522	1153.689	0.25	638.764	-2.712	9.158	0.571	6	0.485	3	100	0	0	48.05	4	0	21	0	21	7	28	0	0
3-13j	7.6	0	1	0	6	1	379.498	4.471	683.667	379.6	45.1	258.968	0	1235.818	0	5.5	0.0161769	0	0.8146226	41.924	11.852	16.572	7.527	4.143	-4.097	-4.338	-6.493	922.819	0.147	501.793	-2.925	9.09	0.292	6	0.48	3	100	0	0	49.301	4	0	21	0	21	7	28	0	0
3-13k	7.44	0	1	0	6	1	379.498	5.615	683.865	379.801	45.159	258.904	0	1233.948	0	5.5	0.0255488	0	0.813566	41.849	11.836	16.67	7.527	4.131	-4.1	-4.338	-6.51	921.631	0.146	501.095	-2.926	8.776	0.462	6	0.474	3	100	0	0	49.042	4	0	21	0	21	7	28	0	0
3-13l	7.7	0	1	0	6	1	379.498	3.348	686.551	373.653	48.471	264.426	0	1240.309	0	5.5	0.0090382	0	0.8131655	42.156	11.958	16.577	7.594	4.156	-4.151	-4.338	-6.542	857.324	0.112	463.412	-2.968	9.246	0.461	6	0.493	3	100	0	0	49.992	4	0	21	0	21	7	28	0	0
3-13m	7.89	0	1	0	7	1	409.524	6.11	722.787	466.044	35.464	221.28	0	1324.414	0	6.25	0.0281894	0	0.8069322	44.468	12.358	17.887	7.817	4.379	-4.282	-4.628	-6.437	1138.931	0.177	629.936	-2.784	9.276	0.505	7	0.494	3	100	0	0	55.825	5	0	21	0	21	7	30	1	0
3-13n	5.48	0	1	0	4	1	365.471	3.592	640.43	354.817	38.419	247.194	0	1160.783	0	5.5	0.0111176	0	0.8340546	40.093	11.014	15.929	7.738	3.686	-3.603	-4.04	-6.122	1067.762	0.353	587.499	-3.035	8.886	0.454	6	0.347	3	100	0	0	47.213	4	0	21	0	21	7	27	0	0
3-13o	7.52	0	1	0	7	1	393.525	3.969	705.287	420.076	37.226	247.985	0	1279.537	0	5.5	0.0123089	0	0.8081672	42.927	12.139	16.767	7.23	4.47	-4.343	-4.636	-6.545	1095.935	0.16	604.272	-2.723	8.871	0.434	6	0.564	3	100	0	0	47.452	4	0	21	0	21	7	29	0	0
3-15a	6.32	0	1	0	6	1	379.498	3.725	679.62	389.599	46.999	243.021	0	1230.782	0	5.5	0.0112746	0	0.8172468	41.57	11.703	16.374	7.421	4.079	-4.02	-4.338	-6.374	885.34	0.131	479.802	-3.016	8.835	0.413	6	0.465	3	100	0	0	49.32	4	0	21	0	21	7	28	0	0
3-15b	7.03	0	2	0	6	2	380.486	4.079	671.35	375.185	48.86	247.305	0	1214.928	0	7.5	0.0136949	0	0.8201939	40.977	11.595	17.302	9.413	2.466	-1.596	-2.448	-7.073	212.013	0.515	113.236	-5.098	8.847	0.424	7	-0.116	2	83.023	0	0	54.954	5	0	21	0	21	6	28	1	0
3-16a	8.0	0	1	0	6	1	393.525	4.101	745.464	486.803	46.964	211.697	0	1319.257	0	5.5	0.0127496	0	0.7803535	44.812	12.414	17.342	7.367	4.619	-5.268	-4.636	-6.822	886.016	0.086	480.198	-3.126	8.873	0.429	7	0.722	3	100	0	0	48.761	4	0	21	0	21	7	29	1	0
3-16b	8.7	0	1	0	6	1	393.525	4.135	706.994	467.566	48.466	190.961	0	1283.167	0	5.5	0.0133235	0	0.8077401	43.169	11.851	16.862	7.143	4.349	-4.539	-4.636	-6.28	857.43	0.105	463.474	-3.227	8.868	0.423	7	0.617	3	100	0	0	50.444	4	0	21	0	21	7	29	1	0
3-16c	7.4	0	1	0	6	1	393.525	4.244	706.994	467.567	48.466	190.961	0	1283.168	0	5.5	0.0140396	0	0.8077399	43.169	11.851	16.872	7.143	4.349	-4.539	-4.636	-6.28	857.426	0.105	463.472	-3.227	8.867	0.422	7	0.617	3	100	0	0	50.444	4	0	21	0	21	7	29	1	0
3-16d	6.8	0	1	0	7	1	424.496	8.561	703.213	375.574	116.131	211.508	0	1284.038	0	6.5	0.0570833	0	0.8124504	42.758	12.471	18.214	8.498	3.424	-3.781	-4.83	-6.302	195.672	-0.633	93.855	-4.305	8.879	1.053	7	0.31	3	88.005	0	0	87.266	7	0	21	0	21	7	31	1	0
3-16e	8.4	0	1	0	7	0	424.496	9.689	714.341	379.691	145.305	189.345	0	1296.962	0	6.5	0.0723782	0	0.8051511	43.064	12.657	18.613	8.573	3.28	-3.991	-4.83	-6.314	103.484	-0.954	47.144	-4.921	8.949	1.13	7	0.347	2	82.213	0	0	95.047	7	0	21	0	21	7	31	1	0
3-16f	7.0	0	1	0	7	0	424.496	9.125	714.341	379.692	145.304	189.345	0	1296.962	0	6.5	0.0641966	0	0.8051513	43.064	12.657	18.5	8.573	3.28	-3.991	-4.83	-6.314	103.487	-0.954	47.145	-4.921	8.954	1.154	7	0.347	2	82.213	0	0	95.086	7	0	21	0	21	7	31	1	0
3-16g	8.05	0	1	0	6	1	385.545	4.194	705.611	598.84	46.951	59.82	0	1282.427	0	5.5	0.0137177	0	0.8090119	41.887	10.906	16.204	6.237	4.201	-4.512	-4.078	-5.634	886.266	0.122	480.344	-3.661	8.875	0.433	5	0.615	3	100	0	0	48.894	4	0	21	0	21	13	28	0	0
3-16h	6.74	0	1	0	7	1	393.525	4.198	716.952	413.128	49.995	253.829	0	1293.638	0	5.5	0.013624	0	0.8008483	43.547	12.419	17.048	7.385	4.481	-4.565	-4.636	-6.691	829.276	0.02	447.047	-2.937	8.88	0.438	6	0.605	3	100	0	0	50.52	4	0	21	0	21	7	29	0	0
3-17	6.52	0	1	0	7	1	381.514	3.853	682.903	392.184	48.276	242.443	0	1237.29	1	5.2	0.0120014	0.0076146	0.816182	41.183	11.997	17.51	8.383	4.295	-4.436	-4.584	-6.389	860.987	0.057	465.553	-2.946	8.551	-0.291	6	0.667	3	100	0	0	44.207	4	0	21	0	21	8	28	0	0.01363
3-18	5.36	1	1	0	6	2	363.499	2.595	669.698	387.808	1.515	280.374	0	1207.208	0	3.5	0.0055771	0	0.8187305	40.983	11.423	14.844	5.372	5.257	-4.879	-4.991	-6.528	2390.177	0.585	1403.679	-2.046	8.407	0.038	6	0.932	3	100	0	0	21.916	3	1	21	0	21	6	27	0	0
3-9	6.82	0	1	0	4	1	319.446	4.292	625.388	220.008	48.54	356.84	0	1104.969	0	4	0.0166689	0	0.8265108	38.906	11.324	14.963	7.039	4.111	-4.103	-3.759	-6.767	856.035	0.247	462.659	-2.836	9.262	0.462	4	0.586	3	100	0	0	33.958	2	0	21	0	21	7	24	0	0
