__MOL_ID__	ACTIVITY	QikProp_#stars	QikProp_#amine	QikProp_#amidine	QikProp_#acid	QikProp_#amide	QikProp_#rotor	QikProp_#rtvFG	QikProp_CNS	QikProp_mol_MW	QikProp_dipole	QikProp_SASA	QikProp_FOSA	QikProp_FISA	QikProp_PISA	QikProp_WPSA	QikProp_volume	QikProp_donorHB	QikProp_accptHB	QikProp_dip^2/V	QikProp_ACxDN^.5/SA	QikProp_glob	QikProp_QPpolrz	QikProp_QPlogPC16	QikProp_QPlogPoct	QikProp_QPlogPw	QikProp_QPlogPo/w	QikProp_QPlogS	QikProp_CIQPlogS	QikProp_QPlogHERG	QikProp_QPPCaco	QikProp_QPlogBB	QikProp_QPPMDCK	QikProp_QPlogKp	QikProp_IP(eV)	QikProp_EA(eV)	QikProp_#metab	QikProp_QPlogKhsa	QikProp_HumanOralAbsorption	QikProp_PercentHumanOralAbsorption	QikProp_SAfluorine	QikProp_SAamideO	QikProp_PSA	QikProp_#NandO	QikProp_RuleOfFive	QikProp_#ringatoms	QikProp_#in34	QikProp_#in56	QikProp_#noncon	QikProp_#nonHatm	QikProp_RuleOfThree	QikProp_ACxDN^.5/SAxSASA/MW
01	8.38	0	0	1	0	1	11	0	-2	586.723	9.147	826.206	335.377	221.844	268.232	0.752	1627.381	3.250	13.750	0.0514090	0.0300024	0.8098473	54.472	17.432	31.494	21.936	1.728	-4.125	-5.941	-4.514	60.624	-2.353	31.697	-5.670	8.341	1.109	3	-0.424	2	43.053	0.000	13.758	151.609	11	2	22	0	22	4	40	0	0.0422485
02	8.37	0	0	1	0	1	11	0	-2	549.702	10.962	822.941	393.750	237.505	190.178	1.508	1571.095	3.250	12.750	0.0764894	0.0279308	0.7942027	51.474	16.600	30.098	21.575	1.559	-3.911	-5.368	-4.395	33.159	-2.606	22.112	-6.233	8.149	0.706	2	-0.410	2	50.331	0.000	28.021	146.947	10	1	18	0	18	4	37	0	0.0418143
03	8.3	0	0	1	0	1	10	0	-2	484.655	9.043	758.990	390.922	177.092	190.976	0.000	1479.439	3.250	8.250	0.0552723	0.0195957	0.8272952	48.456	15.209	26.168	15.662	3.196	-4.889	-5.736	-3.863	164.546	-1.764	90.284	-5.213	8.432	0.457	2	0.209	3	85.327	0.000	12.595	114.322	7	0	18	0	18	5	34	0	0.0306877
04	8.21	0	0	1	0	1	9	0	-2	478.608	8.927	727.544	216.484	178.096	332.964	0.000	1408.609	3.250	8.250	0.0565703	0.0204426	0.8352808	47.619	15.579	26.165	16.915	2.931	-4.480	-5.857	-4.411	155.642	-1.681	88.169	-4.827	8.444	0.983	2	0.083	3	83.342	0.000	14.433	116.797	7	0	22	0	22	5	34	0	0.0310753
05	8.13	0	0	1	0	1	10	0	-2	577.712	10.793	816.856	384.502	237.478	194.121	0.756	1599.297	3.250	13.500	0.0728387	0.0297941	0.8096652	53.283	16.779	31.213	22.546	1.462	-3.749	-5.668	-4.163	33.177	-2.452	21.918	-6.315	8.146	0.591	3	-0.405	2	36.811	0.000	28.023	154.577	11	2	22	0	22	7	39	0	0.0421274
06	8.06	0	0	1	0	2	9	0	-2	536.648	8.427	796.837	254.507	204.746	336.824	0.759	1535.854	3.250	10.250	0.0462397	0.0231898	0.8079088	52.749	17.010	28.972	22.148	2.106	-3.732	-5.668	-3.498	42.536	-2.068	47.458	-5.305	8.210	1.224	2	-0.286	2	55.472	0.000	53.459	142.369	10	1	22	0	22	4	38	0	0.0344332
07	7.85	0	0	1	0	1	10	0	-2	502.671	10.495	789.563	477.921	190.667	120.842	0.133	1505.145	3.250	10.250	0.0731802	0.0234034	0.8044461	48.815	15.129	27.477	17.843	2.383	-4.569	-5.011	-3.898	107.488	-2.003	65.643	-5.710	8.367	0.147	3	-0.086	3	64.299	0.000	19.653	132.388	8	1	19	0	19	11	35	0	0.0367605
08	7.8	0	0	1	0	1	9	0	-2	478.608	8.655	722.215	223.688	160.253	338.274	0.000	1404.039	3.250	8.250	0.0533493	0.0205935	0.8396235	47.487	15.442	26.011	16.407	3.038	-4.577	-5.857	-4.366	254.342	-1.494	134.341	-4.480	8.441	0.904	2	0.076	3	87.783	0.000	8.895	108.959	7	0	22	0	22	5	34	0	0.0310754
09	7.77	0	0	1	0	1	10	1	-2	522.618	10.369	803.878	249.576	207.210	346.338	0.753	1505.728	3.250	10.250	0.0714014	0.0229866	0.7903257	50.992	16.920	28.596	20.118	2.520	-4.535	-5.969	-5.202	64.652	-2.249	44.774	-5.221	8.163	1.141	3	-0.103	3	61.151	0.000	27.682	145.393	9	1	22	0	22	5	37	0	0.0353574
10	7.74	2	0	1	1	1	10	0	-2	556.635	10.721	808.997	81.553	230.039	497.144	0.260	1534.022	4.250	10.250	0.0749206	0.0261199	0.7951318	53.564	18.595	31.390	21.507	3.077	-5.109	-6.919	-4.036	13.619	-2.464	7.484	-5.110	8.174	1.092	5	-0.230	2	52.300	0.000	10.538	149.238	9	1	26	0	26	3	40	1	0.0379619
11	7.72	0	0	1	0	1	9	0	-2	523.606	8.123	784.327	231.354	213.608	338.609	0.755	1490.928	3.250	10.750	0.0442516	0.0247089	0.8047090	50.968	16.703	28.603	20.800	2.203	-4.227	-5.864	-4.932	55.881	-2.176	38.499	-5.462	8.199	1.197	2	-0.162	2	58.161	0.000	28.014	148.212	10	1	22	0	22	4	37	0	0.0370123
12	7.68	0	0	1	0	1	9	0	-2	478.608	8.738	719.309	204.973	176.518	337.818	0.000	1390.108	3.250	8.250	0.0549220	0.0206767	0.8374302	46.925	15.436	25.900	16.955	2.837	-4.330	-5.433	-4.399	159.610	-1.657	91.515	-4.781	8.449	0.934	2	0.039	3	82.989	0.000	14.940	114.068	7	0	23	0	16	6	34	0	0.0310754
13	7.64	0	0	1	0	2	9	0	-2	507.606	7.241	755.564	202.909	214.957	336.944	0.755	1451.828	3.250	11.250	0.0361114	0.0268425	0.8206733	49.387	16.291	28.270	23.692	1.163	-2.528	-4.723	-3.292	29.421	-2.105	37.293	-5.493	8.218	1.234	2	-0.638	2	47.081	0.000	61.407	142.028	9	1	22	0	22	4	36	0	0.0399547
14	7.59	1	0	1	0	1	9	0	-2	558.651	11.696	829.057	237.412	242.430	348.461	0.754	1576.445	3.250	12.250	0.0867735	0.0266375	0.7901326	54.484	17.819	31.348	22.624	1.929	-4.493	-6.149	-5.215	29.961	-2.566	19.500	-5.958	8.160	1.838	2	-0.231	2	51.706	0.000	27.686	162.933	9	1	26	0	26	5	40	0	0.039531
15	7.59	0	0	1	0	1	9	0	-2	442.575	8.952	702.323	306.075	177.054	219.194	0.000	1342.121	3.250	8.250	0.0597147	0.0211767	0.8378302	43.872	14.180	24.688	15.934	2.404	-4.137	-4.914	-3.827	164.806	-1.660	90.365	-5.209	8.434	0.478	3	-0.079	3	80.700	0.000	12.554	114.323	7	0	18	0	18	5	31	0	0.0336053
16	7.49	0	0	1	0	1	11	0	-2	565.701	8.603	794.542	441.414	221.268	130.805	1.055	1568.697	3.250	13.500	0.0471782	0.0306308	0.8217521	50.811	15.896	29.826	21.383	1.339	-3.404	-5.390	-3.666	51.517	-2.281	32.254	-6.143	8.238	0.507	6	-0.500	2	39.510	0.000	23.325	146.638	11	2	18	0	18	4	38	0	0.0430218
17	7.47	0	0	1	0	1	9	0	-2	512.666	9.592	772.339	396.787	178.722	196.831	0.000	1514.186	3.250	9.000	0.0607642	0.0210076	0.8256764	50.545	15.569	27.439	16.844	3.116	-4.991	-6.052	-3.917	153.377	-1.727	86.877	-5.318	8.424	0.352	3	0.213	3	71.352	0.000	14.488	122.129	8	1	22	0	22	8	36	0	0.0316483
18	7.43	1	0	1	0	1	9	0	-2	512.625	9.661	776.507	119.370	166.149	490.727	0.261	1470.762	3.250	8.250	0.0634614	0.0191536	0.8054677	51.613	17.254	27.747	18.844	3.548	-4.914	-6.898	-5.646	164.949	-1.686	117.274	-4.051	8.150	1.022	4	0.207	3	74.446	0.000	25.497	110.707	7	1	26	0	26	3	37	0	0.0290132
19	7.43	0	0	1	0	2	9	0	-2	493.579	9.160	734.248	156.787	238.097	338.609	0.755	1403.549	3.250	11.250	0.0597767	0.0276218	0.8256714	47.471	16.024	28.043	24.026	0.724	-2.105	-4.453	-3.219	16.823	-2.305	21.600	-5.913	8.185	1.165	2	-0.745	2	53.126	0.000	64.338	150.144	9	0	22	0	22	4	35	1	0.0410902
20	7.38	1	0	1	0	0	11	1	-2	487.572	9.157	791.532	63.849	168.722	558.700	0.261	1442.629	3.250	7.250	0.0581275	0.0165124	0.7800687	49.852	17.623	26.438	16.047	4.421	-5.976	-7.371	-7.755	248.831	-1.947	110.364	-3.667	8.151	1.084	3	0.515	3	95.716	0.000	0.000	117.796	7	0	22	0	22	0	35	1	0.0268065
21	7.38	0	0	1	0	1	9	0	-2	466.554	7.133	660.364	153.718	179.621	327.025	0.000	1289.325	3.250	9.950	0.0394670	0.0271632	0.8675406	42.789	14.489	25.231	18.358	1.605	-3.006	-5.058	-3.861	152.025	-1.570	85.053	-4.876	8.483	1.044	3	-0.427	3	75.398	0.000	13.900	126.027	8	0	22	0	22	4	33	0	0.038447
22	7.24	0	0	1	0	2	11	0	-2	523.606	7.008	767.478	165.170	264.637	336.915	0.755	1473.973	4.250	12.950	0.0333239	0.0347855	0.8161290	48.989	17.079	30.633	26.460	0.188	-2.063	-4.339	-3.365	10.701	-2.746	11.545	-6.216	8.232	1.257	3	-0.954	2	33.511	0.000	57.401	163.301	10	1	22	0	22	4	37	1	0.050987
23	7.23	0	0	1	0	1	9	0	-2	470.629	7.503	735.343	402.699	161.263	171.381	0.000	1412.532	3.250	8.250	0.0398586	0.0202258	0.8279567	46.233	14.372	25.075	15.684	2.874	-4.622	-5.461	-3.759	226.794	-1.547	131.176	-5.086	8.492	0.406	5	0.085	3	85.936	0.000	13.946	106.816	7	0	18	0	18	5	33	0	0.0316022
24	7.19	0	0	1	0	1	9	0	-2	464.581	8.682	681.495	180.330	179.338	321.827	0.000	1330.123	3.250	8.250	0.0566724	0.0218239	0.8582823	44.372	14.801	25.077	16.666	2.459	-3.777	-5.582	-3.986	154.167	-1.602	85.622	-4.890	8.447	0.990	2	-0.085	3	80.502	0.000	13.473	116.808	7	0	22	0	22	5	33	0	0.0320135
25	7.12	0	0	1	0	1	12	0	-2	554.789	7.959	847.285	587.008	132.304	127.973	0.000	1706.431	3.250	8.250	0.0371249	0.0175536	0.8150694	55.654	16.447	28.100	14.111	4.823	-6.296	-7.130	-3.760	506.201	-1.487	259.829	-4.418	8.484	0.348	7	0.694	1	90.627	0.000	4.641	102.047	7	1	18	0	18	5	39	2	0.0268082
26	7.05	0	0	1	0	1	10	0	-2	500.655	9.206	760.352	477.789	150.003	132.138	0.421	1485.113	3.250	9.000	0.0570682	0.0213388	0.8279237	48.121	14.654	26.258	16.614	3.065	-4.343	-5.770	-3.572	244.139	-1.497	172.019	-4.921	8.208	0.397	6	0.100	3	74.670	0.000	23.340	109.411	8	1	18	0	18	5	35	0	0.0324075
27	7.02	0	0	1	0	1	10	1	-2	536.645	11.228	792.421	276.763	180.307	334.594	0.756	1523.862	3.250	10.250	0.0827242	0.0233190	0.8081768	51.605	16.715	28.909	18.473	2.826	-4.957	-6.244	-4.857	162.688	-1.878	84.487	-4.766	8.132	1.082	3	-0.036	3	70.113	0.000	9.383	134.514	9	1	22	0	22	5	38	0	0.0344333
28	6.96	0	0	1	0	0	10	1	-2	439.528	8.334	710.130	180.588	175.954	353.588	0.000	1320.917	3.250	7.250	0.0525773	0.0184052	0.8198682	43.665	14.957	24.072	14.725	3.420	-4.785	-6.063	-6.133	212.483	-1.784	92.740	-4.619	8.462	0.948	2	0.286	3	88.625	0.000	0.000	118.799	7	0	16	0	16	0	31	0	0.0297366
29	6.92	2	0	1	1	0	10	0	-2	554.619	12.093	789.638	39.350	243.655	506.372	0.261	1514.548	4.250	10.250	0.0965583	0.0267603	0.8077170	52.873	18.517	31.581	20.836	3.520	-5.155	-7.650	-5.251	12.272	-2.528	5.427	-5.329	8.112	1.134	3	0.062	2	54.087	0.000	0.000	152.451	9	1	26	0	26	1	40	1	0.0380999
30	6.92	1	0	1	0	0	9	0	-2	512.625	7.748	748.916	120.289	168.305	460.322	0.000	1453.638	3.250	8.250	0.0413026	0.0198592	0.8286468	50.638	16.817	27.162	16.698	4.041	-5.304	-7.539	-6.500	251.112	-1.613	111.091	-4.198	8.476	0.912	4	0.510	3	80.603	0.000	0.000	112.576	7	1	26	0	26	3	37	0	0.0290132
31	6.92	0	0	1	0	1	12	0	-2	452.570	9.098	765.679	222.884	184.965	357.831	0.000	1401.642	4.250	7.750	0.0590499	0.0208665	0.7910600	45.652	16.111	26.464	17.457	2.829	-4.651	-5.398	-5.245	136.526	-2.130	74.974	-4.578	8.458	0.841	2	-0.098	2	81.729	0.000	13.400	122.696	7	0	16	0	16	0	32	0	0.0353029
32	6.82	0	0	1	0	1	10	1	-2	522.618	10.135	804.391	249.959	207.340	346.338	0.753	1505.492	3.250	10.250	0.0682278	0.0229720	0.7897387	50.982	16.923	28.547	20.128	2.517	-4.540	-5.969	-5.212	64.336	-2.254	44.636	-5.223	8.161	1.108	3	-0.104	3	61.095	0.000	27.793	145.418	9	1	22	0	22	5	37	0	0.0353575
33	6.82	0	0	1	0	1	13	1	-2	598.799	8.042	876.480	597.279	170.292	108.909	0.000	1776.659	3.250	10.250	0.0364049	0.0210826	0.8093924	57.641	17.208	29.996	17.004	4.178	-5.569	-7.237	-3.761	174.778	-1.953	105.999	-5.089	8.342	0.519	8	0.474	2	78.587	0.000	17.403	137.147	9	1	18	0	18	5	42	1	0.0308592
34	6.8	0	0	1	0	2	10	0	-2	521.633	11.486	804.950	246.800	211.058	346.338	0.753	1509.067	4.250	10.750	0.0874252	0.0275318	0.7904398	51.125	17.204	30.607	23.886	1.548	-3.549	-5.044	-3.826	38.226	-2.289	40.887	-5.292	8.164	1.154	3	-0.536	2	51.373	0.000	51.769	147.682	9	1	22	0	22	5	37	0	0.0424853
35	6.74	0	0	1	0	1	10	1	-2	514.638	8.881	791.782	437.388	192.487	161.474	0.433	1521.269	3.250	10.250	0.0518459	0.0233378	0.8079105	49.848	15.557	27.647	18.410	2.522	-4.483	-5.573	-4.036	96.539	-2.004	63.122	-5.601	8.235	0.540	6	-0.042	3	64.274	0.000	23.347	136.059	9	1	18	0	18	5	36	0	0.0359057
36	6.7	2	0	1	0	1	10	1	-2	570.662	10.224	847.260	169.049	182.011	495.939	0.261	1609.021	3.250	10.250	0.0649599	0.0218097	0.7837717	56.554	18.764	30.578	19.361	3.490	-6.001	-7.286	-6.022	171.085	-2.014	80.653	-4.229	8.173	1.074	5	0.146	2	74.391	0.000	4.608	136.015	9	1	26	0	26	3	41	1	0.0323808
37	6.68	2	0	1	0	1	12	1	-2	598.715	10.753	928.547	185.292	196.751	545.751	0.753	1749.273	3.250	10.250	0.0661020	0.0199004	0.7561354	61.359	20.733	32.264	21.262	4.278	-6.264	-7.834	-6.706	81.239	-2.452	57.310	-4.134	8.158	1.133	4	0.386	1	73.219	0.000	27.682	145.177	9	1	28	0	28	5	43	1	0.0308635
38	6.64	0	0	1	0	1	9	0	-2	464.581	8.536	691.825	195.418	161.790	334.618	0.000	1338.576	3.250	8.250	0.0544377	0.0214981	0.8490450	44.833	14.844	25.108	16.291	2.636	-4.104	-5.582	-4.196	247.676	-1.475	129.555	-4.521	8.446	0.896	2	-0.075	3	85.224	0.000	8.513	108.655	7	0	22	0	22	5	33	0	0.0320136
39	6.64	0	0	1	0	2	13	0	-2	597.814	9.562	877.426	594.518	173.999	108.909	0.000	1779.289	4.250	10.750	0.0513818	0.0252576	0.8093178	57.746	17.484	31.981	20.758	3.186	-4.550	-6.289	-2.388	103.984	-1.991	97.120	-5.157	8.329	0.437	8	0.022	2	68.741	0.000	41.319	139.478	9	1	18	0	18	5	42	1	0.0370712
40	6.59	0	0	1	1	1	10	0	-2	508.591	7.743	718.362	175.529	228.787	314.046	0.000	1406.468	4.250	10.250	0.0426257	0.0294154	0.8451004	46.711	15.994	28.418	19.909	2.184	-3.777	-5.617	-2.354	14.442	-2.175	7.683	-5.732	8.493	1.093	3	-0.458	2	47.529	0.000	8.831	152.226	9	1	22	0	22	5	36	1	0.0415479
41	6.55	0	0	1	0	0	9	1	-2	411.475	7.892	662.986	117.073	186.002	359.910	0.000	1211.287	3.250	7.250	0.0514230	0.0197140	0.8288813	39.980	14.056	22.858	14.944	2.701	-4.185	-5.517	-6.017	170.625	-1.784	73.161	-4.878	8.471	0.958	2	0.067	3	82.708	0.000	0.000	120.925	7	0	16	0	16	0	29	0	0.031764
42	6.55	2	0	1	0	2	12	0	-2	597.731	11.476	933.764	185.560	200.944	546.507	0.753	1752.802	4.250	10.750	0.0751413	0.0237337	0.7529219	61.507	21.063	34.167	25.080	3.274	-5.271	-6.887	-5.387	47.293	-2.521	51.910	-4.208	8.144	1.071	4	-0.078	2	63.134	0.000	52.205	147.051	9	1	28	0	28	5	43	0	0.0370763
43	6.49	0	0	1	0	1	9	0	-2	504.646	9.250	740.815	248.167	170.125	322.523	0.000	1464.926	3.250	8.250	0.0584134	0.0200764	0.8420395	49.774	15.922	26.944	16.375	3.325	-4.895	-6.356	-4.252	206.937	-1.579	106.418	-4.717	8.434	0.977	2	0.230	3	74.905	0.000	8.387	115.139	7	1	25	0	25	8	36	0	0.0294719
44	6.47	0	0	1	0	1	9	0	-2	479.596	9.593	693.618	200.981	183.013	309.625	0.000	1340.692	3.250	9.250	0.0686446	0.0240416	0.8477423	44.679	14.837	25.849	17.960	2.099	-3.554	-5.505	-4.098	130.849	-1.677	78.509	-5.000	8.366	1.287	3	-0.226	3	77.123	0.000	18.043	114.332	8	0	22	0	22	5	34	0	0.0347703
45	6.47	0	0	1	0	1	9	0	-2	428.548	8.798	667.282	269.957	181.086	216.239	0.000	1268.996	3.250	8.250	0.0609964	0.0222888	0.8494981	40.917	13.531	23.703	16.124	1.945	-3.465	-4.643	-3.624	141.274	-1.652	82.161	-5.294	8.438	0.468	3	-0.243	3	76.814	0.000	16.155	114.235	7	0	18	0	18	5	30	0	0.0347054
46	6.46	0	0	1	0	1	9	0	-2	414.521	9.244	657.043	262.147	177.016	217.881	0.000	1249.717	3.250	8.250	0.0683814	0.0226361	0.8539762	40.162	13.344	23.531	15.995	1.864	-3.345	-4.379	-3.559	157.791	-1.597	90.446	-5.213	8.427	0.480	3	-0.284	3	77.203	0.000	14.972	115.883	7	0	17	0	17	4	29	0	0.0358797
47	6.38	0	0	1	0	1	10	1	-2	536.645	9.404	749.893	253.963	183.630	312.300	0.000	1481.092	3.250	10.250	0.0597034	0.0246414	0.8379540	49.681	16.093	28.015	17.596	2.554	-4.569	-6.244	-4.269	177.562	-1.783	77.373	-4.906	8.464	0.784	3	-0.102	3	69.198	0.000	0.651	138.741	9	1	22	0	22	5	38	0	0.0344332
48	6.3	0	1	1	0	1	9	0	-2	465.569	8.274	692.186	148.386	211.068	332.732	0.000	1322.464	4.250	9.750	0.0517669	0.0290386	0.8417787	44.170	15.269	27.308	20.191	0.964	-2.175	-3.992	-5.031	17.999	-1.566	9.985	-7.498	8.484	0.973	2	-0.381	2	55.058	0.000	17.086	132.003	8	0	22	0	22	4	33	1	0.0431732
49	6.29	1	0	1	0	1	11	1	-2	550.671	10.493	865.682	325.530	193.061	346.338	0.753	1623.149	3.250	10.250	0.0678375	0.0213455	0.7715763	55.049	18.014	29.810	19.958	3.312	-5.376	-6.521	-5.505	87.876	-2.260	62.525	-4.864	8.156	1.102	3	0.125	3	68.169	0.000	27.793	143.293	9	1	22	0	22	5	39	0	0.0335562
50	6.24	0	0	1	1	1	10	0	-2	508.591	11.623	760.634	155.049	258.493	346.338	0.753	1430.159	4.250	10.250	0.0944582	0.0277807	0.8070718	47.967	16.747	29.613	21.827	2.101	-3.794	-5.617	-3.124	5.344	-2.683	3.847	-6.166	8.150	1.144	3	-0.460	2	39.316	0.000	27.682	158.909	9	1	22	0	22	5	36	1	0.041548
51	6.2	2	0	1	0	1	12	1	-2	584.689	12.236	909.510	176.668	181.338	551.242	0.261	1703.056	3.250	10.250	0.0879073	0.0203169	0.7583046	59.561	20.220	31.858	20.684	4.107	-6.150	-7.560	-6.697	127.611	-2.262	81.944	-3.830	8.092	1.032	4	0.270	2	75.723	0.000	21.405	139.396	9	1	27	0	27	4	42	1	0.0316039
52	6.18	0	0	1	0	1	10	1	-2	508.591	11.749	780.674	240.001	190.506	349.905	0.261	1458.287	3.250	10.250	0.0946654	0.0236699	0.7966314	49.127	16.361	28.195	19.511	2.359	-4.368	-5.700	-5.117	104.387	-2.040	66.000	-4.900	8.098	1.038	3	-0.211	3	63.930	0.000	21.443	139.613	9	1	21	0	21	4	36	0	0.0363327
53	6.16	3	0	1	0	1	12	1	-2	646.759	10.197	924.564	112.191	171.391	640.767	0.216	1824.420	3.250	10.250	0.0569958	0.0199861	0.7809883	65.273	21.618	33.717	19.801	5.057	-7.056	-9.168	-6.757	227.683	-2.033	103.569	-3.331	8.178	1.074	6	0.607	1	72.831	0.000	1.667	135.814	9	2	32	0	32	3	47	1	0.0285708
54	6.05	4	0	1	0	1	15	1	-2	674.897	8.831	998.088	532.832	158.044	307.212	0.000	2019.416	3.250	10.250	0.0386148	0.0185138	0.7741288	67.965	20.901	33.755	18.107	5.965	-7.298	-9.127	-5.278	229.171	-2.099	141.531	-3.972	8.334	0.469	9	0.982	1	78.197	0.000	17.212	136.952	9	2	24	0	24	5	48	2	0.0273796
55	5.96	0	0	1	1	1	10	0	-2	508.591	9.270	757.923	143.489	281.662	332.772	0.000	1448.252	4.250	10.250	0.0593298	0.0278800	0.8167754	48.562	16.935	29.482	21.699	2.044	-3.832	-5.617	-2.902	3.375	-2.854	2.206	-6.641	8.465	0.955	3	-0.403	2	35.412	0.000	25.154	163.429	9	1	22	0	22	5	36	1	0.0415479
56	5.92	0	0	1	0	1	8	0	-2	388.509	5.860	678.967	424.950	130.903	123.113	0.000	1251.590	3.250	6.250	0.0274385	0.0165948	0.8272270	39.974	12.371	21.370	13.021	2.791	-4.510	-4.221	-3.540	467.496	-1.194	268.559	-4.793	8.560	0.351	2	0.037	3	91.070	0.000	10.649	100.907	7	0	12	0	12	5	28	0	0.0290014
57	5.74	5	0	1	0	2	15	0	-2	673.912	10.139	1005.523	532.702	163.741	309.079	0.000	2023.724	4.250	10.750	0.0508013	0.0220400	0.7694974	68.156	21.277	35.716	21.940	4.943	-6.320	-8.162	-3.987	129.366	-2.184	123.723	-4.071	8.322	0.429	9	0.507	1	80.728	0.000	41.623	138.802	9	1	24	0	24	5	48	2	0.0328852
58	5.68	1	0	1	0	1	11	1	-2	590.736	10.656	919.883	384.110	188.681	346.338	0.753	1737.613	3.250	10.250	0.0653532	0.0200878	0.7598615	59.630	19.125	31.336	20.051	4.033	-6.281	-7.287	-5.695	96.892	-2.276	69.334	-4.783	8.157	1.134	3	0.402	1	73.151	0.000	27.682	142.839	9	1	28	0	28	11	42	1	0.0312803
59	5.64	0	0	1	0	2	10	0	-2	521.633	11.454	739.216	235.411	190.363	313.442	0.000	1455.199	4.250	10.750	0.0901510	0.0299800	0.8401214	48.655	16.148	29.830	20.046	1.407	-4.029	-5.044	-2.865	136.587	-1.837	66.005	-5.026	8.437	0.537	3	-0.586	3	60.447	0.000	6.944	141.324	9	1	22	0	22	5	37	0	0.0424852
60	5.54	0	0	1	1	1	10	0	-2	494.564	11.071	728.441	131.327	251.058	346.057	0.000	1390.743	4.250	10.250	0.0881287	0.0290084	0.8271833	46.387	16.273	29.007	20.272	1.947	-3.940	-5.353	-2.797	8.947	-2.485	4.542	-6.030	8.400	0.864	3	-0.521	2	55.375	0.000	8.425	156.237	9	0	21	0	21	4	35	1	0.0427263
61	5.51	2	0	1	0	2	12	0	-2	597.731	11.953	933.238	185.159	200.859	546.467	0.753	1752.913	4.250	10.750	0.0815101	0.0237471	0.7533779	61.511	21.058	34.259	25.069	3.276	-5.266	-6.887	-5.380	47.495	-2.517	52.015	-4.207	8.159	1.144	4	-0.077	2	63.178	0.000	52.074	147.010	9	1	28	0	28	5	43	0	0.0370764
62	5.51	0	0	1	0	1	9	0	-2	444.548	9.080	710.361	311.382	189.915	209.064	0.000	1322.706	4.250	8.500	0.0623279	0.0246680	0.8203414	42.998	14.279	25.973	17.779	1.909	-4.063	-4.786	-4.062	121.535	-1.860	66.707	-5.482	8.445	0.245	3	-0.235	3	75.438	0.000	13.848	130.946	8	0	16	0	16	3	31	0	0.039418
63	5.24	0	0	1	0	1	9	0	-2	410.490	8.512	663.197	115.236	188.519	359.441	0.000	1215.528	4.250	7.750	0.0596060	0.0240909	0.8305508	40.145	14.336	24.771	17.859	1.736	-3.541	-4.593	-4.614	127.835	-1.801	68.941	-4.926	8.467	0.854	2	-0.371	3	74.813	0.000	12.754	123.218	7	0	16	0	16	0	29	0	0.0389218
64	5.21	0	0	1	0	1	10	0	-2	438.543	8.820	711.094	180.595	176.613	353.886	0.000	1325.717	4.250	7.750	0.0586777	0.0224683	0.8207398	43.860	15.233	25.958	17.415	2.458	-4.222	-5.128	-4.746	175.098	-1.787	91.309	-4.630	8.460	0.850	2	-0.164	3	81.490	0.000	9.773	120.319	7	0	16	0	16	0	31	0	0.0364322
65	5.14	0	0	1	1	1	13	0	-2	584.772	8.578	850.347	502.983	219.390	127.973	0.000	1723.086	4.250	10.250	0.0427069	0.0248498	0.8174108	55.679	17.413	31.138	17.933	3.894	-5.468	-6.862	-1.915	19.109	-2.409	9.591	-5.927	8.506	0.344	8	0.136	2	59.719	0.000	4.748	148.676	9	1	18	0	18	5	41	2	0.0361354
66	4.89	0	1	1	0	1	8	0	-2	353.438	6.848	614.382	237.623	246.580	129.426	0.753	1083.503	5.000	10.000	0.0432783	0.0363954	0.8303865	33.307	12.057	24.368	21.227	-1.096	-0.812	-1.234	-4.246	6.800	-1.902	4.360	-8.965	8.476	0.421	4	-0.918	2	35.429	0.000	27.885	134.289	8	0	12	0	12	4	24	1	0.0632662
67	4.82	0	1	1	0	1	9	0	-2	547.714	10.993	849.856	336.653	166.111	346.338	0.753	1612.057	3.250	10.250	0.0749698	0.0217430	0.7823603	55.889	17.639	30.190	20.170	2.916	-4.226	-5.450	-6.057	39.557	-1.388	29.127	-6.622	8.131	1.109	2	0.195	2	59.650	0.000	27.682	117.096	8	1	28	0	28	10	39	0	0.0337374
68	4.77	0	0	1	0	1	10	0	-2	432.537	7.700	678.245	361.999	165.561	150.684	0.000	1276.317	4.250	8.500	0.0464483	0.0258361	0.8389790	39.942	13.254	24.495	16.487	1.759	-3.602	-4.513	-3.482	230.175	-1.607	118.521	-5.142	8.511	0.309	6	-0.362	3	79.520	0.000	8.018	122.246	8	0	12	0	12	0	30	0	0.0405126
69	4.57	0	1	1	0	1	7	0	-2	288.392	5.381	564.373	257.247	179.605	127.522	0.000	985.323	5.000	5.500	0.0293815	0.0217912	0.8484983	30.002	10.659	20.322	16.439	0.266	-0.915	-1.369	-3.943	29.259	-1.123	20.982	-7.834	8.455	0.183	4	-0.591	2	54.744	0.000	28.059	97.092	5	0	12	0	12	5	21	0	0.0426446
70	4.52	0	0	1	1	0	9	0	-2	397.448	7.390	625.303	34.792	226.640	363.871	0.000	1140.196	4.250	7.250	0.0479035	0.0239024	0.8441008	37.173	13.946	23.522	16.621	2.362	-3.488	-5.157	-3.982	17.794	-2.100	8.082	-5.613	8.490	1.067	2	-0.303	2	63.152	0.000	0.000	135.714	7	0	16	0	16	0	28	1	0.0376055
71	4.46	1	0	1	1	0	10	0	-2	554.619	11.006	741.636	43.004	245.563	453.069	0.000	1496.374	4.250	10.250	0.0809529	0.0284923	0.8531018	51.637	17.844	31.055	20.371	3.402	-4.418	-7.650	-4.262	11.771	-2.289	5.171	-5.552	8.401	1.281	3	0.085	2	53.070	0.000	0.000	159.092	9	1	26	0	26	1	40	1	0.0380999
72	4.36	0	0	1	0	1	9	0	-2	402.510	7.450	654.174	309.637	164.870	179.667	0.000	1215.380	4.250	7.750	0.0456644	0.0244232	0.8419381	38.422	12.902	23.613	16.071	1.703	-3.574	-4.203	-3.572	235.532	-1.530	120.471	-5.124	8.513	0.321	5	-0.357	3	79.369	0.000	7.587	115.512	7	0	12	0	12	0	28	0	0.0396935
73	8.48	0	0	1	0	1	10	0	-2	543.655	10.581	772.473	200.874	236.675	334.169	0.755	1497.310	3.250	12.750	0.0747692	0.0297556	0.8193885	50.539	16.828	30.097	22.647	1.330	-3.297	-5.491	-4.674	33.770	-2.387	22.337	-5.807	8.167	1.228	2	-0.502	2	49.133	0.000	28.014	149.227	10	1	22	0	22	4	37	0	0.0422794
74	7.89	0	0	1	0	0	12	1	-2	453.555	8.464	763.471	222.908	182.510	358.052	0.000	1396.741	3.250	7.250	0.0512901	0.0171194	0.7914983	45.458	15.821	24.554	14.488	3.818	-5.341	-6.339	-6.613	184.145	-2.102	79.446	-4.532	8.463	0.942	2	0.366	3	89.840	0.000	0.000	120.804	7	0	16	0	16	0	32	0	0.0288172
75	7.59	0	0	1	0	1	10	0	-2	543.655	8.852	758.838	200.521	221.414	336.149	0.753	1486.129	3.250	12.750	0.0527306	0.0302903	0.8299536	50.110	16.600	29.616	21.470	1.389	-3.563	-5.491	-4.512	61.184	-2.180	32.020	-5.519	8.350	1.113	2	-0.511	2	54.096	0.000	13.767	147.981	10	1	22	0	22	4	37	0	0.0422794
76	7.52	0	0	1	0	1	9	0	-2	492.635	8.990	719.097	214.876	172.362	331.859	0.000	1410.593	3.250	8.250	0.0572916	0.0206827	0.8458866	47.688	15.529	26.215	16.466	2.993	-4.515	-5.644	-4.234	193.902	-1.585	100.946	-4.726	8.441	0.957	2	0.099	3	85.413	0.000	9.273	112.592	7	0	24	0	16	7	35	0	0.0301904
77	7.44	0	1	1	0	1	9	0	-2	479.596	8.726	721.349	205.259	183.167	332.923	0.000	1396.652	3.250	10.250	0.0545204	0.0256165	0.8376803	47.141	15.505	27.079	18.923	1.546	-2.605	-4.150	-5.098	34.593	-1.321	19.290	-6.984	8.456	0.953	3	-0.263	2	63.544	0.000	14.677	122.911	8	0	22	0	22	4	34	0	0.0385292
78	7.28	0	0	1	0	1	9	0	-2	450.554	9.221	680.895	173.025	178.033	329.837	0.000	1314.421	3.250	8.250	0.0646917	0.0218431	0.8522645	43.820	14.712	24.969	16.950	2.375	-3.660	-5.314	-4.121	149.467	-1.613	88.301	-4.837	8.436	0.985	2	-0.130	3	79.774	0.000	16.717	118.353	7	0	21	0	21	4	32	0	0.0330102
79	7.16	0	0	1	0	1	10	1	-2	522.618	9.443	728.923	236.804	185.083	307.036	0.000	1449.640	3.250	10.250	0.0615131	0.0253503	0.8498133	48.372	15.772	27.617	17.749	2.364	-4.140	-5.969	-4.052	162.507	-1.748	74.765	-4.951	8.460	0.654	3	-0.163	3	67.397	0.000	3.755	138.867	9	1	22	0	22	5	37	0	0.0353574
80	6.77	0	0	1	0	1	9	0	-2	430.521	7.202	629.568	240.063	176.638	212.866	0.000	1224.847	3.250	9.950	0.0423416	0.0284919	0.8793808	39.118	13.118	23.799	17.336	1.131	-2.623	-4.132	-3.124	168.459	-1.502	91.255	-5.224	8.473	0.549	4	-0.556	3	73.416	0.000	11.852	123.535	8	0	18	0	18	4	30	0	0.0416648
81	6.59	0	0	1	0	2	10	0	-2	521.633	11.000	805.434	247.146	211.196	346.338	0.753	1508.952	4.250	10.750	0.0801820	0.0275152	0.7899242	51.121	17.207	30.504	23.898	1.546	-3.553	-5.044	-3.834	38.020	-2.294	40.754	-5.294	8.150	1.078	3	-0.537	2	51.317	0.000	51.898	147.723	9	1	22	0	22	5	37	0	0.0424852
82	6.55	0	0	1	0	1	13	0	-2	619.836	7.984	858.523	549.637	195.505	112.629	0.752	1756.498	3.250	12.750	0.0362879	0.0267732	0.8200583	56.869	17.175	31.254	19.228	2.914	-4.668	-6.742	-3.606	111.074	-2.156	59.020	-5.540	8.380	0.503	7	-0.006	2	67.663	0.000	12.100	141.980	10	1	18	0	18	4	42	1	0.037083
83	6.52	2	0	1	0	1	12	1	-2	598.715	10.526	932.955	185.734	198.974	547.494	0.753	1750.191	3.250	10.250	0.0633053	0.0198064	0.7528259	61.412	20.807	32.238	21.308	4.267	-6.334	-7.834	-6.768	77.232	-2.498	54.380	-4.168	8.156	1.101	4	0.384	1	72.758	0.000	27.793	145.202	9	1	28	0	28	5	43	1	0.0308636
84	6.28	2	0	1	0	1	9	0	-2	541.667	10.087	812.632	124.435	172.033	515.408	0.755	1560.990	3.250	9.250	0.0651783	0.0205206	0.8008254	55.460	18.297	29.744	20.320	3.700	-5.126	-7.150	-5.838	138.176	-1.765	102.707	-4.073	8.158	1.143	2	0.261	3	73.961	0.000	28.151	117.236	8	1	28	0	28	4	39	0	0.0307859
85	6.28	0	0	1	0	1	10	1	-2	536.645	9.214	741.464	242.655	186.094	312.715	0.000	1452.987	3.250	10.250	0.0584331	0.0249216	0.8367247	48.560	15.875	27.600	17.977	2.366	-4.266	-6.244	-4.291	153.060	-1.811	73.002	-4.950	8.451	0.739	3	-0.172	3	66.946	0.000	5.818	133.704	9	1	22	0	22	5	38	0	0.0344333
86	6.15	1	0	1	0	1	11	1	-2	550.671	10.575	864.612	325.113	192.408	346.338	0.753	1623.346	3.250	10.250	0.0688853	0.0213720	0.7725940	55.057	18.003	29.830	19.943	3.319	-5.362	-6.521	-5.489	89.321	-2.247	63.496	-4.852	8.159	1.136	3	0.126	3	68.337	0.000	27.682	143.267	9	1	22	0	22	5	39	0	0.0335563
87	5.42	0	0	1	0	1	12	0	-2	486.671	7.727	767.027	490.956	142.460	133.611	0.000	1495.829	4.250	7.750	0.0399140	0.0208298	0.8246611	47.280	14.939	26.394	15.030	3.474	-4.948	-5.822	-3.632	402.269	-1.556	204.448	-4.585	8.493	0.303	7	0.174	3	93.902	0.000	5.080	112.099	7	0	12	0	12	0	34	1	0.0328292
88	4.74	0	0	1	0	1	9	0	-2	374.457	8.578	633.101	203.189	190.168	239.744	0.000	1142.537	4.250	7.750	0.0643949	0.0252362	0.8348451	36.081	12.826	23.220	17.008	1.159	-3.074	-3.680	-3.973	122.576	-1.798	66.310	-5.378	8.455	0.351	3	-0.533	3	71.108	0.000	13.082	123.139	7	0	12	0	12	0	26	0	0.0426673
