__MOL_ID__	ACTIVITY	QikProp_#stars	QikProp_#amine	QikProp_#acid	QikProp_#amide	QikProp_#rotor	QikProp_#rtvFG	QikProp_CNS	QikProp_mol_MW	QikProp_dipole	QikProp_SASA	QikProp_FOSA	QikProp_FISA	QikProp_PISA	QikProp_WPSA	QikProp_volume	QikProp_donorHB	QikProp_accptHB	QikProp_dip^2/V	QikProp_ACxDN^.5/SA	QikProp_glob	QikProp_QPpolrz	QikProp_QPlogPC16	QikProp_QPlogPoct	QikProp_QPlogPw	QikProp_QPlogPo/w	QikProp_QPlogS	QikProp_CIQPlogS	QikProp_QPlogHERG	QikProp_QPPCaco	QikProp_QPlogBB	QikProp_QPPMDCK	QikProp_QPlogKp	QikProp_IP(eV)	QikProp_EA(eV)	QikProp_#metab	QikProp_QPlogKhsa	QikProp_HumanOralAbsorption	QikProp_PercentHumanOralAbsorption	QikProp_SAamideO	QikProp_PSA	QikProp_#NandO	QikProp_RuleOfFive	QikProp_#ringatoms	QikProp_#in34	QikProp_#in56	QikProp_#noncon	QikProp_#nonHatm	QikProp_RuleOfThree	QikProp_ACxDN^.5/SAxSASA/MW
COO_23A	7.92	5	1	2	2	15	0	-2	506.555	6.901	895.222	357.005	337.678	200.538	0	1593.472	4.5	11.5	0.0298859	0.0272504	0.736994	49.9	18.341	30.113	23.545	-0.773	-3.559	-2.821	-1.106	0.043	-4.087	0.042	-7.659	9.535	-0.008	7	-1.085	1	0	45.958	216.284	12	3	11	0	11	4	36	2	0.048159
COO_23E	5.6	0	0	2	2	9	0	-2	475.497	9.667	821.151	383.791	238.15	199.21	0	1474.562	2.25	11.25	0.0633768	0.0205504	0.7629876	48.982	15.759	26.66	19.853	2.038	-4.325	-3.519	0.047	1.756	-2.706	1.776	-4.343	9.33	-0.167	5	-0.983	1	30.298	37.718	181.008	11	1	16	0	16	8	34	1	0.0354891
COO_23J	6.41	1	0	2	2	10	0	-2	449.46	7.383	798.831	315.365	282.959	200.507	0	1402.961	2.5	10.5	0.0388546	0.0207828	0.7587061	45.486	15.488	25.206	20.129	1.563	-3.782	-3.257	-0.029	0.568	-3.316	0.617	-5.068	9.859	-0.045	5	-1.069	1	18.736	45.958	193.907	11	1	11	0	11	4	32	1	0.0369375
COO_24A	5.6	4	1	2	1	15	0	-2	554.599	6.335	909.394	244.846	338.311	326.237	0	1679.358	4.5	11.5	0.0239011	0.0268258	0.7513493	54.538	19.88	31.976	22.962	0.537	-4.445	-4.749	-2.848	0.061	-3.937	0.041	-7.228	9.235	0.448	8	-0.532	1	0	26.007	215.764	12	3	15	0	15	2	40	2	0.0439871
COO_24C	9.6	3	0	2	1	12	0	-2	573.601	6.615	885.5	148.131	261.21	476.159	0	1677.388	2.5	10.5	0.0260836	0.0187487	0.7710199	57.817	19.727	29.782	20.145	4.362	-5.556	-7.067	-2.519	1.316	-3.089	1.03	-3.504	9.202	0.407	7	-0.123	1	28.705	25.98	186.163	11	2	21	0	21	2	42	2	0.0289434
COO_25A	8.46	4	1	2	2	15	0	-2	560.646	5.698	940.499	461.016	278.945	200.539	0	1735.137	4.5	11.5	0.0187134	0.0259385	0.7424989	55.57	19.187	31.734	22.83	0.499	-4.476	-3.837	-1.017	0.172	-3.315	0.167	-6.576	9.474	-0.054	7	-0.73	1	0	40.218	204.997	12	3	15	0	15	8	40	2	0.0435125
COO_25E	7.82	0	0	2	2	9	0	-2	529.589	9.729	886.578	497.847	189.513	199.218	0	1629.093	2.25	11.25	0.0581051	0.0190339	0.755229	55.166	16.922	28.52	19.262	3.316	-5.599	-4.559	-0.079	5.631	-2.194	5.596	-3.446	9.399	-0.153	5	-0.6	2	33.878	32.081	169.085	11	2	20	0	20	12	38	1	0.0318644
COO_26A	7.92	2	2	2	2	13	0	-2	426.512	6.622	747.677	461.446	286.231	0	0	1351.236	6.25	10.75	0.0324523	0.0359447	0.7905665	39.575	14.289	28.369	23.264	-2.533	-0.642	-0.046	-0.009	0.037	-2.476	0.035	-9.672	9.475	-0.483	8	-1.449	1	0	39.51	187.821	10	1	9	0	9	8	30	2	0.0630112
COO_26C	7.0	0	1	2	2	10	0	-2	445.514	6.414	755.855	360.356	219.814	175.686	0	1379.181	4.25	9.75	0.0298267	0.0265926	0.7927575	44.298	14.857	26.614	20.777	-0.487	-2.895	-2.294	-0.086	0.632	-1.973	0.675	-6.054	9.567	-0.24	7	-1.009	1	20.529	39.537	159.35	9	0	15	0	15	8	32	2	0.0451168
COO_26H	6.66	0	1	2	2	10	0	-2	445.514	6.488	771.667	362.306	226.86	182.5	0	1394.583	4.25	9.75	0.0301836	0.0260477	0.782285	44.979	15.146	26.858	20.909	-0.451	-3.141	-2.294	-0.288	0.542	-2.112	0.572	-6.16	9.558	-0.265	7	-0.987	1	19.541	39.538	159.355	9	0	15	0	15	8	32	2	0.0451168
SQ29852	7.44	0	1	2	1	15	1	-2	440.475	9.71	797.057	376.023	225.962	195.071	0	1421.233	4	11	0.0663443	0.0276015	0.7669832	42.955	15.509	26.736	19.485	-0.096	-3.002	-2.438	-1.97	0.768	-2.503	0.584	-5.619	9.558	-0.303	5	-1.021	1	24.33	21.612	141.837	8	0	11	0	11	4	30	1	0.049946
SQ29852_2A	8.49	2	1	2	1	15	1	-2	522.62	7.514	926.633	512.871	218.69	195.073	0	1694.571	4	11	0.0333142	0.0237419	0.7418173	53.894	18.245	30.024	19.792	1.567	-5.052	-3.96	-2.377	0.89	-2.591	0.693	-5.485	9.252	-0.416	5	-0.395	1	22.253	22.214	141.389	8	1	17	0	17	10	36	1	0.0420956
SQ29852_2B	9.31	2	1	2	1	15	1	-2	522.62	9.31	919.072	516.056	207.948	195.068	0	1680.32	4	11	0.0515877	0.0239372	0.743721	53.324	18.015	30.028	20.169	1.557	-4.719	-3.96	-2.346	1.002	-2.448	0.893	-5.287	9.292	-0.445	5	-0.428	1	23.117	28.536	140.166	8	1	17	0	17	10	36	1	0.0420956
SQ29852_2E	8.97	1	1	2	0	17	1	-2	476.508	7.268	825.636	261.358	204.084	360.194	0	1511.728	4	11	0.0349448	0.0266461	0.7715411	46.87	17.337	27.822	18.488	1.423	-3.838	-4.07	-4.058	1.839	-2.348	0.978	-4.442	8.682	-0.23	6	-0.563	1	40.013	0	136.307	8	0	12	0	12	0	33	1	0.0461692
SQ29852_2G	9.54	1	1	2	0	19	1	-2	536.561	8.084	876.883	417.242	201.034	258.607	0	1635.414	4	12.5	0.0399585	0.0285101	0.765553	49.565	17.781	29.41	18.935	1.484	-3.884	-4.66	-3.67	1.966	-2.47	1.051	-4.552	8.168	-0.214	7	-0.61	1	27.931	0	152.833	10	1	12	0	12	0	37	2	0.0465931
SQ29852_2H	9.94	1	1	2	0	17	2	-2	520.518	8.274	828.289	334.004	204.067	290.218	0	1547.009	4	12.5	0.0442533	0.0301827	0.7809897	47.613	17.1	28.969	19.495	0.997	-3.456	-4.47	-3.571	1.84	-2.293	0.979	-4.689	8.426	-0.179	5	-0.709	1	24.567	0	155.513	10	1	15	0	15	1	36	1	0.0480291
SQ29852_2I	9.53	0	1	2	0	15	1	-2	488.519	5.699	840.493	283.887	200.903	355.702	0	1517.092	4	11	0.0214085	0.0261751	0.7596944	48.325	17.422	28.128	18.912	1.454	-4.398	-4.348	-4.228	1.972	-2.263	1.055	-4.592	8.774	-0.106	6	-0.483	1	40.733	0	137.21	8	0	15	0	15	2	34	1	0.045034
SQ29852_2K	9.53	1	1	2	1	17	1	-2	482.556	6.547	847.976	448.696	204.211	195.069	0	1549.437	4	11	0.0276661	0.0259441	0.7636557	46.802	16.583	27.402	19.385	0.818	-3.312	-3.155	-2.023	1.127	-2.397	0.976	-5.026	9.417	-0.327	5	-0.806	1	32.664	26.569	135.97	8	0	12	0	12	6	33	1	0.0455905
SQ29852_2P	6.47	2	1	2	1	15	1	-2	516.573	7.746	915.988	308.13	228.981	378.877	0	1647.573	4	11	0.0364171	0.0240178	0.7364985	53.769	19.236	30.323	21.09	1.416	-4.876	-4.233	-3.339	0.71	-2.756	0.544	-5.027	9.241	0.026	7	-0.52	1	19.619	22.267	141.404	8	1	17	0	17	4	36	2	0.0425884
SQ29852_2Q	9.88	2	1	2	1	15	1	-2	516.573	7.776	907.9	306.331	224.658	376.91	0	1644.28	4	11	0.0367744	0.0242317	0.7420688	53.618	19.098	30.284	20.943	1.432	-4.782	-4.233	-3.24	0.797	-2.662	0.602	-4.955	9.323	0.013	7	-0.52	1	20.608	21.115	141.496	8	1	17	0	17	4	36	2	0.0425883
SQ29852_2R	9.05	2	1	2	1	17	1	-2	530.6	7.565	905.552	322.162	225.551	357.839	0	1685.948	4	11	0.0339488	0.0242946	0.7565096	53.819	19.2	30.323	20.373	1.678	-4.419	-4.503	-2.915	0.782	-2.69	0.59	-4.846	9.298	-0.099	6	-0.481	1	21.897	21.115	141.496	8	1	17	0	17	4	37	1	0.0414625
SQ29852_2S	9.11	3	1	2	1	17	1	-2	548.633	4.169	925.891	310.592	207.874	375.876	31.548	1691.211	4	11.5	0.0102792	0.0248409	0.7414305	54.202	19.639	30.411	21.477	1.757	-4.488	-4.665	-3.245	1.004	-2.506	1.332	-4.457	8.891	0.254	5	-0.576	1	24.302	28.542	140.726	8	1	17	0	17	4	37	1	0.0419223
SQ29852_2T	9.28	3	1	2	1	17	1	-2	548.633	2.667	925.649	298.677	227.218	368.209	31.546	1697.404	4	11.5	0.0041891	0.0248474	0.7434334	54.377	19.755	30.487	21.05	1.655	-4.711	-4.665	-3.176	0.746	-2.726	0.844	-4.84	8.983	0.342	5	-0.558	1	21.394	21.705	142.795	8	1	17	0	17	4	37	1	0.0419223
SQ29852_2U	9.28	1	1	2	1	16	1	-2	486.562	4.428	845.641	405.218	207.697	195.07	37.656	1530.533	4	11.5	0.0128106	0.0271983	0.7595223	46.687	16.731	27.636	20.276	0.626	-3.393	-3.119	-2.09	1.007	-2.31	1.445	-5.187	9.249	0.146	5	-0.898	1	30.668	28.542	140.726	8	0	11	0	11	4	32	1	0.0472704
SQ29852_2V	8.72	1	1	2	1	16	1	-2	486.562	2.731	853.801	393.839	227.238	195.071	37.653	1538.876	4	11.5	0.0048454	0.0269384	0.7549949	47.021	16.985	27.719	19.922	0.534	-3.748	-3.119	-2.163	0.745	-2.568	0.911	-5.547	9.346	0.246	5	-0.885	1	27.785	21.705	142.795	8	0	11	0	11	4	32	1	0.0472705
SQ29852_2W	8.59	1	1	2	1	17	1	-2	532.649	5.544	887.654	415.055	223.786	195.072	53.742	1628.951	4	12	0.0188652	0.0270375	0.7542694	49.984	17.919	29.274	20.221	0.968	-4.061	-3.811	-2.175	0.811	-2.553	1.211	-5.387	9.208	0.624	5	-0.795	1	18.024	21.208	142.235	8	1	11	0	11	4	34	1	0.0450577
SQ29852_2X	9.2	0	1	2	1	15	1	-2	530.633	5.599	879.071	396.725	223.656	195.072	63.619	1602.504	4	12	0.0195601	0.0273015	0.7533677	50.21	17.752	29.463	20.489	0.845	-4.363	-3.883	-2.19	0.845	-2.413	1.375	-5.577	9.197	0.738	5	-0.776	1	17.628	19.115	140.247	8	1	15	0	15	6	34	1	0.0452289
SQ29852_2Y	9.06	2	1	2	1	16	1	-2	456.475	11.521	805.509	339.482	270.956	195.071	0	1441.33	5	12.7	0.0920892	0.0352548	0.7660729	43.117	16.25	29.709	22.73	-1.064	-2.473	-2.084	-1.984	0.287	-3.08	0.202	-6.352	9.543	-0.294	6	-1.313	1	11.021	21.612	163.898	9	0	11	0	11	4	31	1	0.0622116
SQ29852_2Z	7.8	2	1	2	1	16	1	-2	456.475	9.423	807.757	335.85	276.835	195.071	0	1442.29	5	12.7	0.0615675	0.0351567	0.7642807	43.156	16.313	29.324	22.775	-1.103	-2.506	-2.084	-2.013	0.253	-3.162	0.176	-6.461	9.628	-0.249	6	-1.315	1	9.796	21.612	164.328	9	0	11	0	11	4	31	1	0.0622117
THIOL_10	4.17	0	0	1	1	7	2	-1	209.278	5.295	417.924	143.505	122.342	0	152.077	658.583	1.25	2.75	0.042569	0.0073568	0.8759404	15.708	6.407	8.847	6.186	1.827	-1.747	-1.704	-0.358	117.298	-0.548	645.169	-3.102	9.136	0.335	4	-0.898	3	74.682	21.362	80.04	4	0	0	0	0	0	12	0	0.0146914
THIOL_12	3.59	0	0	1	1	6	1	-2	229.253	11.453	441.63	93.612	172.984	97.619	77.415	717.182	3.05	5.75	0.1828959	0.0227384	0.8773902	19.627	7.966	16.461	13.189	0.37	-1.21	-1.38	-0.8	37.396	-1.106	76.137	-3.788	9.343	0.093	4	-1.153	2	57.264	23.4	107.977	6	0	5	0	5	0	15	0	0.043803
THIOL_14	3.64	0	0	1	1	7	1	-2	243.28	9.465	473.58	127.11	169.097	97.624	79.75	776.504	2.25	4.75	0.1153824	0.015045	0.8627151	21.359	8.29	14.367	10.709	1.179	-1.807	-1.95	-1.037	42.291	-1.177	85.948	-3.62	9.364	-0.144	4	-0.942	3	62.954	21.32	107.434	6	0	5	0	5	0	16	0	0.0292873
THIOL_18	6.12	0	0	1	1	6	1	-1	278.325	8.271	483.164	77.808	144.276	183.666	77.415	842.889	3.05	4.25	0.0811528	0.0153619	0.8931354	25.48	9.741	16.368	12.192	1.893	-2.049	-2.937	-0.955	70.145	-0.814	149.918	-2.955	8.725	0.186	4	-0.707	3	71.07	23.284	91.224	5	0	9	0	9	0	19	0	0.0266678
THIOL_2	2.46	0	0	2	1	7	1	-2	249.281	5.999	463.275	198.308	212.746	0	52.22	779.553	3.05	6.25	0.0461573	0.0235609	0.884213	20.549	8.067	15.087	12.978	0.6	-1.227	-1.273	1.584	4.108	-1.544	6.249	-4.768	9.76	0.308	3	-1.274	2	41.441	21.614	124.777	6	0	0	0	0	0	16	1	0.0437866
THIOL_20A	7.19	0	0	1	1	6	1	-1	292.352	8.44	507.599	123.616	136.798	182.744	64.44	896.175	3.05	4.25	0.0794865	0.0146224	0.8856043	27.604	10.06	16.979	12.128	2.209	-2.409	-3.203	-1.073	83.856	-0.803	151.852	-2.821	8.759	0.218	4	-0.584	3	74.308	22.45	88.783	5	0	9	0	9	0	20	0	0.0253883
THIOL_20B	6.44	0	0	1	1	6	1	-1	292.352	6.787	495.749	133.347	139.688	173.977	48.737	888.961	3.05	4.25	0.0518228	0.0149719	0.9019005	27.231	9.934	16.435	12.067	2.087	-2.145	-3.203	-0.767	78.474	-0.823	116.354	-2.905	8.778	0.249	4	-0.59	3	73.079	22.627	88.788	5	0	9	0	9	0	20	0	0.0253882
THIOL_22	4.42	0	0	1	1	6	1	-1	306.379	6.997	516.009	158.261	137.007	171.819	48.922	952.366	3.05	4.25	0.051413	0.0143841	0.9072156	29.748	10.523	17.331	12.008	2.492	-2.504	-3.473	-0.671	84.765	-0.788	124.244	-2.863	8.794	0.271	3	-0.432	3	76.046	21.614	87.05	5	0	9	0	9	0	21	0	0.024226
THIOL_27	5.34	0	0	1	1	7	1	-1	292.352	7.542	515.111	111.304	140.392	183.665	79.75	902.211	2.25	3.25	0.0630452	0.009464	0.876603	27.212	10.028	14.951	9.713	2.781	-2.825	-3.618	-1.223	79.319	-0.881	169.221	-2.788	8.686	0.14	4	-0.418	3	77.225	21.204	90.682	5	0	9	0	9	0	20	0	0.0166751
THIOL_28	3.0	0	0	1	1	7	1	-1	292.352	6.048	536.867	118.298	144.896	193.922	79.75	922.593	2.25	3.25	0.039646	0.0090805	0.8536996	28.125	10.225	14.925	9.872	2.878	-3.197	-3.618	-1.642	71.778	-0.988	152.155	-2.835	8.625	0.056	4	-0.375	3	77.015	21.289	93.865	5	0	9	0	9	0	20	0	0.0166752
THIOL_30A	7.46	0	0	1	1	7	1	-1	306.379	7.838	517.657	128.543	141.698	175.726	71.69	923.495	2.25	3.25	0.0665175	0.0094174	0.885956	27.988	10.177	15.257	9.671	2.869	-2.834	-3.897	-1.033	77.087	-0.886	148.224	-2.84	8.695	0.163	4	-0.358	3	77.517	21.206	88.416	5	0	9	0	9	0	21	0	0.0159116
THIOL_30B	4.48	0	0	1	1	7	1	-1	306.379	7.259	528.333	140.726	135.969	179.948	71.69	942.699	2.25	3.25	0.0558976	0.0092271	0.8800474	28.797	10.319	15.362	9.686	3.03	-3.017	-3.897	-1.149	87.36	-0.853	169.684	-2.719	8.673	0.127	4	-0.31	3	79.434	21.206	87.953	5	0	9	0	9	0	21	0	0.0159116
THIOL_4	4.11	0	0	2	1	7	1	-2	249.281	5.999	463.275	198.308	212.746	0	52.22	779.553	3.05	6.25	0.0461573	0.0235609	0.884213	20.549	8.067	15.087	12.978	0.6	-1.227	-1.273	1.584	4.108	-1.544	6.249	-4.768	9.76	0.308	3	-1.274	2	41.441	21.614	124.777	6	0	0	0	0	0	16	1	0.0437866
THIOL_5	4.72	0	0	1	1	6	2	-1	195.251	6.493	385.982	110.013	126.228	0	149.741	599.27	2.05	3.75	0.070359	0.0139105	0.8905941	13.976	6.082	10.397	8.666	0.968	-1.035	-1.092	-0.12	103.724	-0.492	571.538	-3.27	9.075	0.35	4	-1.158	2	68.697	23.442	80.584	4	0	0	0	0	0	11	0	0.027499
THIOL_7A	5.1	0	0	1	1	6	2	-1	209.278	6.887	405.417	151.561	118.265	0	135.591	648.471	2.05	3.75	0.073152	0.0132436	0.893697	15.945	6.482	11.024	8.619	1.261	-1.291	-1.344	-0.07	124.498	-0.453	576.97	-3.123	8.989	0.38	4	-1.045	2	71.828	22.969	77.941	4	0	0	0	0	0	12	0	0.0256557
THIOL_7B	3.27	0	0	1	1	6	2	-1	209.278	5.671	407.426	150.659	120.262	0	136.504	651.533	2.05	3.75	0.0493526	0.0131783	0.8920882	16.068	6.522	10.752	8.651	1.268	-1.321	-1.344	-0.096	118.795	-0.471	556.78	-3.16	9.058	0.372	4	-1.039	2	71.503	23.148	79.104	4	0	0	0	0	0	12	0	0.0256557
THIOL_9	2.14	0	0	1	1	6	2	-1	223.305	6.584	418.886	182.356	110.392	0	126.138	692.856	2.05	3.75	0.0625608	0.0128178	0.9039925	17.721	6.909	11.444	8.63	1.55	-1.447	-1.602	0.096	146.573	-0.389	616.689	-2.978	9.084	0.343	3	-0.934	3	74.79	23.442	75.181	4	0	0	0	0	0	13	0	0.0240442
mol_01	6.15	0	0	1	0	3	2	-1	243.237	3.727	423.186	105.318	170.139	74.73	73	696.727	1	5.5	0.019938	0.0129967	0.8981363	20.516	7.236	11.498	8.649	1.143	-2.084	-2.446	-1.729	61.105	-0.844	77.014	-4.104	9.365	0.519	3	-0.74	3	65.604	0	109.985	7	0	9	0	9	2	16	0	0.0226118
mol_02	7.42	0	0	1	0	3	2	-1	258.292	3.776	433.729	236.923	132.239	0	64.567	744.753	1	6.5	0.0191436	0.0149863	0.9161255	21.725	7.011	12.15	8.89	1.2	-1.922	-2.165	-1.082	139.791	-0.509	169.375	-3.669	9.385	0.14	4	-0.782	3	72.372	0	90.42	6	0	10	0	10	6	17	0	0.0251653
mol_03	7.0	0	0	1	0	4	2	-1	272.318	4.261	473.347	263.659	129.937	0	79.751	809.303	1.8	7.5	0.0224316	0.0212578	0.8872777	23.666	7.711	14.55	10.911	1.246	-2.359	-2.129	-1.548	146.997	-0.582	216.58	-3.53	9.129	0.24	2	-0.78	3	73.034	0	92.932	6	0	9	0	9	5	18	0	0.0369506
mol_04	8.43	0	0	1	0	4	1	-1	265.326	1.801	476.95	149.4	96.312	160.63	70.607	812.359	1	4.5	0.0039935	0.009435	0.8827909	25.322	8.362	12.132	7.654	2.829	-3.097	-3.24	-2.387	306.32	-0.328	426.767	-2.345	8.931	0.054	4	-0.334	3	88.006	0	63.902	4	0	9	0	9	2	18	0	0.0169604
mol_05	8.22	0	0	1	1	5	1	-1	313.386	3.384	504.258	123.747	134.161	127.295	119.055	881.391	2	5.75	0.0129947	0.0161261	0.8816409	27.124	9.633	15.369	11.199	1.925	-2.848	-3.11	-0.872	105.764	-0.596	321.832	-3.064	9.342	0.774	6	-0.727	3	74.451	12.929	81.648	5	0	11	0	11	3	20	0	0.0259479
mol_06	6.34	0	0	2	0	5	0	-2	267.238	6.755	476.018	177.473	256.202	42.344	0	796.448	3	7.75	0.0572942	0.0281993	0.8729313	22.914	8.39	16.87	13.82	0.376	-1.98	-2.113	-0.175	2.363	-1.979	1.16	-5.612	8.674	0.759	5	-1.009	1	35.832	0	138.827	7	0	9	0	9	3	19	1	0.05023
mol_07	6.11	2	0	3	1	6	0	-2	266.19	12.752	447.956	189.616	258.341	0	0	765.341	4	11	0.2124673	0.0491119	0.9033009	20.622	8.23	21.384	19.716	-0.956	-0.471	-0.227	3.7	0.367	-1.909	0.318	-5.705	9.826	-0.234	3	-1.771	1	13.544	24.21	144.321	8	0	5	0	5	4	17	1	0.0826476
mol_08	9.0	0	0	2	0	4	1	-2	269.213	4.673	467.202	122.161	270.297	74.744	0	781.002	2	8	0.0279596	0.0242159	0.8778664	23.247	8.366	15.432	13.117	0.217	-1.848	-2.109	-0.25	1.737	-2.016	0.831	-5.854	9.515	0.516	3	-1.066	1	32.509	0	158.326	9	0	9	0	9	2	19	1	0.0420252
mol_09	7.64	0	0	1	1	4	1	-1	217.282	5.81	416.926	239.281	105.954	0	71.69	700.1	1	4.5	0.0482149	0.0107933	0.914561	19.296	6.418	10.477	7.956	0.371	-1.441	-1.302	0.267	172.287	-0.346	344.578	-3.088	9.241	-0.268	3	-0.923	3	69.144	19.91	68.519	4	0	5	0	5	4	14	0	0.0207104
mol_10	8.05	0	0	1	0	4	1	-1	231.266	3.393	425.92	224.008	130.223	0	71.69	706.254	1	4.5	0.0163029	0.0105654	0.9004868	19.542	6.535	10.214	6.67	1.425	-2.248	-2.274	-1.335	146.083	-0.572	194.327	-3.535	9.18	0.023	4	-0.593	3	74.03	0	87.436	5	0	5	0	5	3	15	0	0.0194582
mol_11	7.19	0	0	1	1	3	1	-1	243.32	6.388	456.024	284.24	101.753	0	70.031	773.633	1	4.5	0.0527425	0.0098679	0.8937181	22.881	6.951	11.763	8.184	1.742	-2.271	-1.776	-0.07	191.59	-0.295	372.621	-3.107	9.175	-0.404	3	-0.707	3	77.993	19.121	67.568	4	0	10	0	10	9	16	0	0.0184942
mol_12	7.31	0	0	1	1	3	1	-1	229.293	6.913	443.243	266.082	104.835	0	72.326	740.539	1	4.5	0.0645268	0.0101524	0.8930762	21.556	6.652	11.479	8.246	1.526	-2.036	-1.271	-0.08	175.996	-0.316	356.655	-3.164	9.206	-0.411	3	-0.791	3	76.07	20.082	68.525	4	0	9	4	5	8	15	0	0.0196255
mol_13	8.77	0	1	2	0	8	0	-2	396.442	4.206	659.881	145.578	179.464	334.839	0	1201.734	3	8.5	0.0147208	0.0223107	0.8283968	40	13.688	22.628	15.807	0.866	-3.439	-3.319	-3.017	3.149	-1.264	1.749	-4.942	9.19	0.074	7	-0.416	2	40.932	0	122.643	7	0	17	0	12	3	29	2	0.0371363
mol_14	7.3	0	0	1	2	7	1	-2	350.432	3.343	618.779	240.116	146.608	178.953	53.102	1096.576	2.05	7.25	0.0101887	0.0167757	0.8311048	34.945	11.526	18.598	15.612	1.71	-2.495	-2.575	-0.562	42.175	-1.143	104.415	-2.919	9.297	0.054	5	-0.891	3	66.042	48.261	102.371	6	0	11	0	11	4	24	0	0.0296219
mol_15	8.54	0	1	2	1	11	0	-2	435.476	9.853	776.115	330.325	245.28	200.51	0	1376.949	4	11	0.0705099	0.0283463	0.7712309	43.803	15.237	27.337	19.472	-0.479	-3.784	-2.346	-1.927	0.647	-2.45	0.37	-6.34	9.522	-0.154	5	-0.948	1	20.759	7.915	169.549	10	0	11	0	11	4	31	1	0.0505194
mol_16	8.52	0	1	2	1	8	0	-2	362.425	6.579	633.055	267.08	171.303	194.672	0	1135.125	3	8.5	0.0381316	0.0232562	0.831291	35.996	12.019	21.269	15.598	-0.336	-2.639	-1.552	-0.927	3.038	-1.173	2.121	-5.285	9.508	-0.493	5	-0.89	2	33.614	11.684	119.932	7	0	13	0	6	5	26	1	0.0406221
mol_17	9.64	0	1	2	1	9	0	-2	517.32	8.851	720.547	259.411	223.056	154.522	83.559	1269.614	4	11	0.0617024	0.0305323	0.7869557	40.353	14.249	26.35	19.338	-0.663	-3.643	-3.887	-1.453	1.053	-1.777	1.794	-6.285	8.747	0.719	5	-1.08	1	10.505	7.821	154.956	9	1	11	0	11	4	29	1	0.0425268
mol_18	8.92	0	1	2	1	8	0	-2	348.398	8.154	615.413	233.431	187.314	194.668	0	1092.273	3	8.5	0.0608766	0.0239228	0.8334616	34.281	11.727	21.055	16.463	-0.735	-2.014	-1.659	-0.892	1.757	-1.318	1.454	-5.58	9.528	-0.293	5	-0.985	1	27.024	22.478	119.675	7	0	11	0	11	4	25	1	0.0422574
mol_19	8.92	0	2	2	1	13	0	-2	405.493	7.169	731.57	305.381	231.517	194.673	0	1309.604	5	9.5	0.0392439	0.0290371	0.7912901	39.768	14.597	26.071	18.756	-1.188	-1.857	-1.196	-2.3	0.219	-1.888	0.126	-7.978	9.543	-0.407	7	-0.982	1	8.186	7.633	145.984	8	0	11	0	11	4	29	2	0.0523873
mol_20	8.96	0	1	2	1	8	0	-2	398.458	7.682	675.69	235.78	176.727	263.184	0	1226.343	3	8.5	0.0481242	0.0217887	0.8200215	40.301	13.397	23.036	15.925	0.313	-3.425	-2.832	-1.436	2.891	-1.272	1.866	-5.144	8.669	0.36	5	-0.689	1	37.03	7.915	120.344	7	0	15	0	15	4	29	1	0.0369485
mol_21	8.55	0	1	2	1	9	0	-2	364.397	6.804	630.615	247.111	230.965	152.539	0	1125.766	4	9.25	0.0411205	0.0293364	0.8299135	34.577	12.28	22.858	17.415	-1.178	-2.368	-1.654	-0.748	0.885	-1.816	0.519	-6.437	9.028	-0.39	6	-1.081	1	19.092	7.915	142.813	8	0	11	0	11	4	26	1	0.0507687
mol_22	9.22	0	1	2	1	7	0	-2	392.469	7.355	648.939	236.184	175.88	194.671	42.204	1170.061	3	9	0.0462311	0.0240214	0.8274978	38.036	12.676	22.626	16.212	-0.112	-3.183	-2.107	-0.988	2.876	-1.069	3.242	-5.466	9.556	0.273	5	-0.846	1	34.501	9.21	116.765	7	0	16	0	11	7	27	1	0.0397189
mol_23	8.4	0	0	2	1	9	0	-2	443.512	11.336	734.789	320.259	155.101	195.071	64.359	1316.681	1	10	0.0975941	0.0136094	0.7906597	42.624	13.676	22.399	14.855	3.125	-3.949	-4.07	-0.86	14.339	-1.475	28.391	-2.827	9.487	0.746	3	-0.855	2	65.943	22.081	105.571	6	0	15	0	15	6	28	1	0.0225474
mol_24	8.0	1	0	2	1	10	0	-2	458.45	15.188	732.319	245.897	152.58	333.842	0	1355.849	1	10.5	0.1701265	0.014338	0.8089822	44.874	14.487	24.408	16.19	3.104	-3.196	-4.414	-1.226	14.544	-1.593	13.38	-2.195	9.165	0.254	3	-0.886	2	65.93	24.31	130.958	8	0	17	0	17	4	32	1	0.0229032
mol_25	8.11	0	1	2	1	10	0	-2	467.521	8.291	740.542	229.278	175.426	335.838	0	1382.721	3	10	0.0497117	0.023389	0.8105348	45.969	15.357	25.912	17.627	0.768	-3.692	-3.725	-1.936	2.956	-1.421	1.924	-4.672	9.02	0.027	5	-0.651	1	39.866	8.252	143.118	9	0	17	0	17	4	34	1	0.0370476
mol_26	7.92	0	0	1	1	9	1	-2	422.48	7.593	728.349	235.439	153.1	339.811	0	1322.7	1.25	8.75	0.0435923	0.0134315	0.8000788	44.247	14.31	21.866	14.765	3.113	-4.153	-4.416	-3.206	61.493	-1.573	45.849	-2.28	9.247	0.247	5	-0.396	3	77.186	19.953	120.029	7	0	17	0	17	4	31	0	0.0231557
mol_27	8.52	0	0	1	1	9	1	-2	436.507	7.736	727.399	247.987	139.604	339.808	0	1344.684	1.25	8.75	0.0445038	0.013449	0.8099769	45.127	14.39	22.171	14.671	3.35	-4.137	-4.696	-3.045	82.578	-1.398	63.047	-2.031	9.246	0.252	5	-0.332	3	80.869	19.947	115.365	7	0	17	0	17	4	32	0	0.0224115
mol_28	8.54	0	1	2	1	7	0	-2	417.461	2.614	676.34	330.501	171.961	173.878	0	1231.565	3	11.5	0.0055502	0.0294505	0.8215573	40.299	12.781	23.944	18.382	-0.846	-2.831	-1.909	-0.985	3.272	-1.158	2.088	-5.467	9.309	0.237	4	-1.101	2	31.208	6.839	134.637	9	0	16	0	16	8	30	1	0.0477136
mol_29	8.15	0	0	2	1	8	0	-2	354.342	8.339	628.899	249.977	183.555	195.068	0.3	1101.988	3	11	0.0631082	0.0302951	0.8204184	34.674	11.786	22.51	19.069	0.937	-2.094	-1.956	-0.379	7.4	-1.736	6.466	-3.447	9.537	-0.193	4	-1.349	2	47.986	24.277	119.377	7	0	11	0	11	4	24	1	0.0537688
mol_30	5.55	1	0	1	1	5	1	-1	163.191	3.475	374.834	130.738	164.346	0	79.75	565.347	1.25	3.25	0.0213541	0.0096939	0.8821371	13.261	5.223	7.899	7.501	0.513	-0.812	-0.679	-0.257	44.344	-0.95	96.145	-4.068	9.22	-0.305	3	-1.116	2	59.423	24.394	87.374	4	0	0	0	0	0	10	0	0.022266
mol_31	6.07	0	0	1	1	5	1	-1	177.218	3.586	396.442	176.361	140.331	0	79.75	613.858	1.25	3.25	0.020951	0.0091656	0.8811118	15.202	5.582	8.451	7.085	0.972	-1.305	-0.934	-0.274	80.785	-0.747	169.466	-3.626	9.218	-0.31	3	-0.998	2	66.774	20.278	82.482	4	0	0	0	0	0	11	0	0.0205037
mol_32	5.8	0	0	1	1	6	1	-1	205.271	5.864	442.715	254.233	108.732	0	79.75	709.666	1.25	3.25	0.0484543	0.0082076	0.8691135	18.394	6.294	9.732	6.83	1.773	-1.892	-1.461	-0.468	158.347	-0.562	357.249	-2.947	9.152	-0.384	3	-0.804	3	76.697	21.204	73.1	4	0	0	0	0	0	13	0	0.0177016
mol_33	6.37	0	0	1	1	7	1	-1	253.315	5.836	493.494	120.52	117.268	175.956	79.75	831.896	1.25	3.25	0.0409402	0.007363	0.8668212	24.324	8.838	12.011	7.986	2.68	-2.607	-2.758	-1.344	131.421	-0.703	292.063	-2.389	9.137	0.043	4	-0.528	3	80.558	21.204	78.632	4	0	6	0	6	0	17	0	0.0143442
mol_34	6.7	0	0	1	1	4	1	-1	203.256	5.578	415.515	225.794	109.97	0	79.75	672.372	1	4.5	0.0462779	0.0108299	0.8932747	18.186	6.04	10.069	7.983	0.518	-1.453	-1.039	-0.077	157.805	-0.401	346.962	-3.162	9.285	-0.243	3	-1.001	3	69.32	19.916	70.056	4	0	5	0	5	4	13	0	0.0221395
mol_35	6.19	0	0	1	0	4	1	-1	201.24	4.52	403.423	168.742	113.219	41.711	79.75	646.291	1	4.5	0.0316118	0.0111546	0.8961006	17.54	6.106	9.729	6.786	1.116	-1.916	-1.772	-1.605	211.758	-0.422	321.343	-3.075	9.126	0.162	3	-0.741	3	75.111	0	67.682	4	0	5	0	5	2	13	0	0.0223615
mol_36	2.7	0	0	1	1	6	1	-1	177.218	7.037	406.986	171.748	155.487	0	79.75	621.958	1	3	0.0796152	0.0073713	0.8658183	14.884	5.593	8.652	6.685	1.037	-1.257	-1.013	-0.521	53.808	-0.985	118.505	-3.809	9.224	-0.316	3	-0.982	2	63.996	24.394	87.186	4	0	0	0	0	0	11	0	0.0169284
mol_37	2.7	0	0	2	1	5	0	-2	175.141	1.582	425.03	141.167	283.863	0	0	630.366	2.25	5.75	0.0039687	0.0202927	0.8365147	15.863	6.09	11.463	12.316	-0.726	-0.772	-0.229	0.812	0.83	-2.442	0.604	-6.271	9.808	-0.785	3	-1.482	1	21.243	24.153	136.64	6	0	0	0	0	0	12	1	0.0492461
mol_38	2.87	0	0	2	1	5	0	-2	189.168	4.001	410.646	165.669	244.977	0	0	641.676	2.25	5.75	0.0249502	0.0210035	0.8761428	16.315	6.246	11.812	11.73	-0.352	-0.699	-0.438	1.453	2.083	-1.865	1.511	-5.554	10.007	-0.883	3	-1.418	1	30.589	20.269	131.789	6	0	0	0	0	0	13	1	0.0455944
mol_39	4.51	0	0	1	1	7	1	-1	267.342	4.189	491.579	138.914	108.283	164.631	79.75	850.036	1	4.5	0.0206421	0.0091542	0.8828025	24.942	8.911	12.246	8.516	2.393	-2.282	-2.589	-1.032	167.718	-0.589	361.058	-2.263	9.172	-0.146	4	-0.686	3	80.773	18.603	68.115	4	0	6	0	6	0	18	0	0.0168324
mol_40	5.52	0	0	1	1	5	1	-1	177.218	4.886	382.733	178.985	123.998	0	79.75	601.882	1	4.5	0.0396689	0.0117575	0.9007607	14.723	5.456	8.812	7.918	0.588	-0.7	-0.525	0.044	112.243	-0.561	249.172	-3.325	9.179	-0.357	3	-1.208	2	67.083	21.793	74.103	4	0	0	0	0	0	11	0	0.0253924
mol_41	4.96	0	0	1	1	4	1	-1	217.282	5.291	431.191	253.678	105.824	0	71.688	715.78	1	4.5	0.0391044	0.0104362	0.8974608	19.923	6.436	10.534	8.12	0.347	-1.618	-1.302	-0.009	167.296	-0.378	345.63	-3.086	9.119	-0.372	3	-0.893	3	68.775	21.669	69.049	4	0	5	0	5	4	14	0	0.0207104
mol_42	2.74	0	0	1	1	4	1	-1	203.256	5.493	417.318	225.6	111.967	0	79.75	674.52	1	4.5	0.0447403	0.0107832	0.8913092	18.272	6.06	10.083	8.053	0.518	-1.46	-1.039	-0.109	149.159	-0.421	330.989	-3.199	9.169	-0.364	3	-0.997	3	68.882	20.612	71.007	4	0	5	0	5	4	13	0	0.0221397
mol_43	2.96	0	0	2	1	6	0	-2	217.221	4.653	451.785	235.161	216.624	0	0	736.654	2.25	5.75	0.0293861	0.0190909	0.8731235	19.474	7.03	12.806	11.494	0.379	-1.09	-0.889	1.404	3.794	-1.693	2.951	-4.936	9.944	-0.878	3	-1.268	2	39.531	21.33	126.157	6	0	0	0	0	0	15	1	0.039706
mol_44	3.21	0	0	2	1	7	0	-2	231.248	4.745	479.395	258.026	221.369	0	0	793.324	2.25	5.75	0.0283758	0.0179914	0.8645138	21.1	7.592	13.336	11.278	0.668	-1.382	-1.128	1.265	3.501	-1.833	2.639	-4.927	9.938	-0.886	3	-1.194	2	40.594	20.058	129.223	6	0	0	0	0	0	16	1	0.0372976
mol_45	2.98	1	0	2	1	7	0	-2	231.248	3.954	468.35	253.857	214.493	0	0	776.744	2.25	5.75	0.0201269	0.0184157	0.8725293	20.437	7.424	12.976	11.29	0.626	-1.177	-1.128	1.395	3.983	-1.737	3.103	-4.801	9.778	-1.092	3	-1.223	2	41.352	21.212	124.712	6	0	0	0	0	0	16	1	0.0372976
mol_46	3.26	0	0	2	1	7	0	-2	265.265	3.968	512.362	109.384	221.864	181.115	0	859.602	2.25	5.75	0.0183169	0.0168338	0.8533346	25.482	9.486	15.008	12.678	1.257	-1.853	-2.092	0.22	3.391	-1.89	2.608	-4.298	9.733	0.006	4	-1.051	2	43.798	21.212	127.928	6	0	6	0	6	0	19	1	0.0325147
mol_47	3.35	2	1	1	1	3	0	-1	172.183	5.559	372.454	194.097	178.357	0	0	592.164	3	6	0.0521766	0.0279023	0.9156313	15.618	5.769	12.986	13.27	-3.171	0.13	0.839	-0.441	8.156	-0.637	6.229	-6.581	9.563	-0.943	4	-1.222	1	24.693	24.316	97.345	5	0	5	0	5	4	12	1	0.0603563
mol_48	3.64	2	1	1	1	3	0	-1	186.21	5.669	389.297	226.981	162.316	0	0	638.651	3	6	0.0503127	0.026695	0.9212828	17.479	6.197	13.549	13.177	-2.81	-0.079	0.653	-0.35	11.648	-0.494	9.096	-6.286	9.543	-0.953	4	-1.14	2	29.575	23.981	94.307	5	0	5	0	5	4	13	1	0.0558095
mol_49	3.38	2	1	1	1	4	0	-1	214.264	5.594	427.106	276.935	150.171	0	0	723.102	3	6	0.0432755	0.0243319	0.9122119	20.216	6.89	14.311	12.988	-2.28	-0.386	0.236	-0.497	15.096	-0.482	12.116	-5.966	9.52	-0.951	4	-1.039	2	34.695	24.306	89.008	5	0	5	0	5	4	15	1	0.0485023
mol_50	3.89	1	1	1	1	5	0	-1	228.291	5.469	458.852	317.676	141.176	0	0	781.651	3	6	0.038266	0.0226485	0.8943356	21.917	7.274	14.729	12.566	-1.91	-0.754	0.011	-0.786	19.386	-0.516	14.981	-5.704	9.489	-0.961	4	-0.985	2	38.803	21.373	88.177	5	0	5	0	5	4	16	1	0.0455222
mol_51	3.22	0	1	1	1	6	0	-2	222.243	6.151	456.066	88.08	186.941	181.044	0	753.734	3.25	4.75	0.0502019	0.0187762	0.8782469	21.887	8.536	15.012	13.338	-1.835	-0.561	-0.536	-1.91	6.59	-1.015	5.087	-5.814	9.542	0.042	5	-0.988	2	30.856	25.723	106.713	5	0	6	0	6	0	16	1	0.0385307
mol_52	3.72	0	1	1	1	6	0	-1	236.27	5.339	474.811	130.123	163.744	180.945	0	802.287	3.25	4.75	0.0355324	0.0180349	0.879422	23.829	8.872	15.387	13.181	-1.391	-0.862	-0.778	-1.89	11.056	-0.811	8.795	-5.386	9.362	0.049	5	-0.88	2	37.479	25.13	102.563	5	0	6	0	6	0	17	1	0.0362431
mol_53	4.28	0	1	1	1	7	0	-1	264.324	5.23	512.6	183.417	151.329	177.855	0	891.396	3.25	4.75	0.0306897	0.0167054	0.8738425	26.723	9.61	16.238	12.945	-0.786	-1.283	-1.279	-1.966	14.502	-0.781	11.789	-5.072	9.326	0.051	5	-0.721	2	43.128	25.117	95.534	5	0	6	0	6	0	19	1	0.0323966
mol_54	3.03	0	1	1	1	8	0	-1	278.35	5.087	543.433	220.316	142.175	180.941	0	946.299	3.25	4.75	0.0273472	0.0157576	0.8577711	28.308	10.028	16.639	12.497	-0.403	-1.726	-1.537	-2.241	18.891	-0.808	14.632	-4.797	9.304	0.047	5	-0.645	2	47.427	21.596	96.16	5	0	6	0	6	0	20	1	0.0307641
mol_55	3.62	1	0	0	1	3	1	1	173.273	4.502	402.936	299.488	31.759	0	71.689	648.293	0	2.5	0.0312684	0	0.8990361	17.864	5.001	6.832	4.671	1.735	-1.5	-0.993	-1.791	3062.05	0.297	6886.211	-1.817	9.18	-0.332	2	-0.618	3	100	26.221	26.913	2	0	5	0	5	4	11	0	0
mol_56	4.77	0	0	0	1	5	2	0	231.309	5.945	500.246	367.566	52.93	0	79.75	817.979	0	4.5	0.0432016	0	0.8455559	23.371	6.605	9.965	6.085	1.752	-2.228	-1.298	-2.657	2180.608	-0.036	4625.279	-2.015	9.137	-0.403	3	-0.745	3	96.961	19.521	56.358	4	0	5	0	5	4	15	0	0
mol_57	2.96	2	0	1	0	6	1	-1	148.22	4.096	370.458	186.222	104.486	0	79.751	568.785	1.8	2.5	0.0294936	0.0090539	0.8961718	12.756	5.096	7.927	5.124	1.747	-1.481	-1.245	-1.405	256.248	-0.47	394.905	-2.869	9.218	-0.354	2	-0.755	3	80.285	0	49.267	2	0	0	0	0	0	9	0	0.0226291
mol_58	3.62	0	1	1	0	5	1	1	189.272	2.042	416.369	245.963	90.655	0	79.751	672.062	1.8	4.5	0.0062063	0.0145001	0.8911673	17.531	6.065	10.319	7.331	-0.617	-1.456	-0.409	-2.212	86.44	0.095	134.976	-4.773	9.29	-0.266	3	-0.712	2	57.997	0	51.199	3	0	5	0	5	4	12	0	0.031898
mol_59	3.19	0	0	1	1	5	1	-1	203.256	3.014	417.129	207.83	129.548	0	79.75	675.859	1.8	5.5	0.0134451	0.01769	0.8928913	17.683	6.393	11.209	11.152	0.569	-0.672	-0.823	-0.083	78.451	-0.625	218.575	-3.427	9.306	-0.219	3	-1.152	2	64.184	34.723	74.795	4	0	5	0	5	3	13	0	0.036304
mol_60	5.62	2	0	1	0	6	2	-1	162.203	1.563	370.737	154.479	136.508	0	79.75	571.728	1	3.5	0.004272	0.0094406	0.8985828	12.874	5.196	7.163	5.156	1.315	-1.323	-1.218	-1.366	127.348	-0.73	185.465	-3.459	9.317	-0.226	4	-0.85	2	72.318	0	74.074	3	0	0	0	0	0	10	0	0.0215778
mol_61	4.41	0	0	0	1	5	2	1	259.363	5.562	531.093	417.889	33.453	0	79.75	901.531	0	4.5	0.0343189	0	0.849797	26.715	7.337	10.944	5.771	2.432	-2.927	-1.893	-2.588	3554.189	0.149	7324.47	-1.656	9.149	-0.391	3	-0.503	3	100	16.071	49.338	4	0	5	0	5	4	17	0	0
mol_62	6.15	0	0	1	0	7	2	-1	254.3	3.759	498.556	119.926	116.843	182.036	79.75	830.355	1	3.5	0.0170205	0.0070203	0.8569599	24.321	8.752	11.433	6.348	3.244	-3.34	-3.341	-2.907	195.651	-0.723	295.01	-2.36	9.282	-0.089	4	-0.246	3	86.952	0	78.079	4	0	6	0	6	0	17	0	0.0137633
mol_63	3.48	1	0	2	1	4	0	-2	215.205	4.216	429.261	214.757	214.504	0	0	699.76	2	7	0.0254015	0.0230617	0.8879939	19.282	6.685	13.084	12.629	-0.204	-0.877	-0.513	1.645	4.075	-1.491	3.103	-5.089	9.671	-0.983	3	-1.406	2	36.669	19.953	119.357	6	0	5	0	5	4	15	1	0.0460003
mol_64	4.99	1	0	2	1	4	0	-2	229.232	4.546	428.286	227.28	201.006	0	0	721.7	2	7	0.0286299	0.0231142	0.9085228	20.16	6.977	13.42	12.535	0.035	-0.864	-0.742	1.977	5.473	-1.301	4.267	-4.84	9.637	-1.012	3	-1.34	2	40.36	19.947	114.683	6	0	5	0	5	4	16	1	0.0431855
mol_65	5.31	1	0	2	1	5	0	-2	243.259	9.235	460.442	249.932	210.509	0	0	781.74	2	7	0.1090924	0.0215	0.8913168	21.921	7.515	15.124	12.456	0.289	-1.149	-0.978	1.699	4.447	-1.504	3.409	-4.919	9.609	-1.042	3	-1.278	2	40.236	19.947	117.821	6	0	5	0	5	4	17	1	0.0406953
mol_66	5.62	2	1	2	1	5	0	-2	244.247	9.242	458.891	228.169	230.723	0	0	770.161	3	8.5	0.1109098	0.0320826	0.8854748	21.457	7.729	17.333	15.856	-2.888	-0.291	0.47	0.878	0.658	-1.301	0.522	-7.354	9.502	-0.955	4	-1.439	1	6.784	24.316	131.278	7	0	5	0	5	4	17	1	0.0602768
mol_67	5.08	1	0	3	1	5	0	-2	237.149	7.439	413.948	182.357	230.118	0	1.472	686.238	1	8	0.0806409	0.0193261	0.9089418	18.099	6.61	12.611	12.284	-0.232	0.192	-0.42	3.791	0.684	-1.591	0.63	-5.281	10.029	-0.288	2	-1.893	1	22.634	23.803	133.204	7	0	5	0	5	4	15	1	0.0337341
mol_68	4.32	2	0	3	1	6	0	-2	251.175	12.975	462.104	207.257	253.337	0	1.51	760.71	3	10	0.221313	0.0374819	0.8721114	20.437	7.712	19.349	16.949	-0.675	-0.651	-0.243	3.196	0.442	-2.015	0.365	-5.612	9.855	-0.523	2	-1.837	1	16.652	19.916	134.493	7	0	5	0	5	4	16	1	0.068958
